# log_X, log_likelihood, tiebreaker, accepts, tries, exceeds, visits
0 -1.79769313486e+308 0 3641818 3662148 1088303 3662148
-1.20363150537 -11656.500819 0.41987127631 3565234 3628493 1722237 4684449
-2.20423538848 -4467.06120489 0.451275986631 3387250 3634749 1990638 5304092
-3.18483147978 -2890.18212857 0.65016940155 3164214 3635677 1949585 5569325
-4.23308433991 -2069.49459146 0.826458164673 2959318 3636309 2062093 5533897
-5.22060927972 -1587.18466606 0.682692102408 2803369 3634958 2210855 5641212
-6.15900212017 -1238.95993661 0.721979580378 2689375 3634437 2501756 5786766
-7.00155530364 -1006.83805091 0.565809792842 2608103 3635151 2557061 6072381
-7.86965982678 -820.873152574 0.585919123894 2529670 3636728 2529935 6130603
-8.75749213923 -683.959122952 0.429313930903 2449119 3638850 2461209 6109726
-9.66891271525 -576.822958269 0.252340640019 2384748 3642446 2524582 6052174
-10.5462656754 -495.857503275 0.204963183329 2325849 3644781 2320671 6120042
-11.5167298906 -425.322085285 0.973297875088 2268520 3648797 2425549 5928133
-12.4130057285 -373.867043887 0.821182579449 2220138 3650815 2674039 6031238
-13.2307267966 -335.213548426 0.524095842037 2178673 3653723 2676517 6276259
-14.0863653265 -300.863886267 0.633066514066 2138480 3657003 2657224 6283551
-14.9502164366 -271.550450786 0.382166712855 2099698 3659680 2545793 6265588
-15.8531776882 -245.761852996 0.68953658853 2059000 3659472 2777655 6157180
-16.6538201667 -226.473872331 0.90969490784 2022595 3658788 2762940 6377168
-17.4939063204 -209.20025218 0.547926812356 1986166 3657113 2846092 6359866
-18.3022925632 -194.986307266 0.672891558188 1951472 3655998 3032223 6436019
-19.0601755839 -183.456583911 0.586290398832 1923209 3654982 2728987 6616158
-19.9482865114 -171.553873255 0.599068000548 1889832 3654383 2727852 6321538
-20.7923396387 -161.648670582 0.792382178751 1861921 3655320 2567150 6318306
-21.6953059042 -152.096783804 0.835668721762 1842017 3657973 2017062 6164716
-22.8094013601 -141.364853554 0.650100484059 1812125 3659316 2163162 5626910
-23.7665682462 -132.973600592 0.624882282909 1787399 3660627 2084700 5763726
-24.7830708598 -124.77320138 0.78241451577 1765078 3661952 2311827 5691594
-25.6865752124 -118.091004433 0.495155093479 1736574 3662027 2626715 5912731
-26.5024362512 -112.70745683 0.383554676092 1710585 3662965 2779985 6222897
-27.3126096755 -108.006461881 0.425933339283 1683113 3665570 2590959 6380120
-28.2160470271 -103.45114193 0.0707396152004 1649145 3665571 2402763 6198266
-29.1649667696 -99.3481579223 0.0216511342073 1611742 3666533 2513909 6016454
-30.0406923591 -96.1275675589 0.398296949252 1580380 3667481 2691832 6123356
-30.8666958551 -93.4905631718 0.822922901477 1550502 3668581 2608020 6297781
-31.7510401846 -91.0222365393 0.880977321552 1517771 3668564 2785504 6218434
-32.5585712578 -89.0548575674 0.932919463465 1485323 3667935 2704338 6390329
-33.4216607128 -87.2015145009 0.717080886851 1452659 3666262 2636330 6310905
-34.2974736647 -85.5555873368 0.480723649188 1419052 3664797 2680264 6242563
-35.1464923203 -84.1587658721 0.536609164316 1386379 3663765 2461268 6284835
-36.0854440393 -82.8167907745 0.326816367823 1348377 3663871 2381134 6072201
-37.0231594452 -81.6662895071 0.0577941108191 1311489 3664256 2591367 5993157
-37.8654344147 -80.7728545312 0.618135402624 1278216 3662461 2493766 6194140
-38.7773930439 -79.9212027581 0.857019788815 1243329 3660906 2511857 6099509
-39.6672782332 -79.1932298662 0.00743729944174 1210111 3662512 2606263 6116749
-40.5238397542 -78.5760971587 0.228754200259 1181856 3664379 2215252 6210312
-41.553907285 -77.9188192237 0.785124161655 1147118 3664634 2326953 5828338
-42.4741567968 -77.4038869988 0.0193863817723 1112824 3665890 2554561 5934161
-43.3207835046 -76.9852777439 0.53808456195 1083655 3666595 2479081 6157202
-44.2326812997 -76.5875302594 0.552163818723 1051110 3665200 2211923 6084202
-45.2442131391 -76.2003429656 0.472470261111 1012608 3664915 2165339 5823287
-46.2337827789 -75.8740828732 0.365895793417 979650 3662811 2361378 5773761
-47.1305436538 -75.6143209705 0.961145267059 947470 3659891 2405503 5960931
-48.0402976148 -75.3821872678 0.153979403446 917825 3657326 2311356 6003359
-48.9959248574 -75.1645479602 0.1521423743 890029 3653904 2419979 5908146
-49.8911564557 -74.9810088412 0.242613444977 862282 3651262 2691057 6010865
-50.6993711235 -74.8307413501 0.70287345036 840542 3650501 2639732 6275261
-51.5683971072 -74.6813781621 0.455744833512 812550 3650155 2427011 6228652
-52.5122808931 -74.5329199191 0.79619733138 783510 3648550 2296162 6018333
-53.4767683601 -74.3934674297 0.38602423248 753630 3645584 2266664 5885844
-54.4321801473 -74.2663623606 0.576829211657 720705 3646825 2407199 5854982
-55.323779657 -74.155013991 0.68382294693 688835 3645940 2135552 5988406
-56.3540675031 -74.031057908 0.800769255438 655357 3646363 2180721 5723769
-57.3199651813 -73.9138772251 0.173480097925 623250 3643839 2202414 5762511
-58.2827853815 -73.7903448866 0.916078455407 595550 3641855 2157905 5785697
-59.2693996798 -73.654664364 0.814034614521 575514 3640170 2359684 5743558
-60.1617562795 -73.5321739009 0.530461238761 560503 3638995 2178740 5940420
-61.1647106355 -73.4035286449 0.177486491588 542706 3636670 1959483 5765570
-62.2417357883 -73.2794279702 0.851810654893 523977 3637200 1967643 5551060
-63.2778405832 -73.1730404574 0.236487135944 509791 3635178 2359866 5554759
-64.1376082556 -73.0934414273 0.926408967285 499308 3633778 1919155 5932643
-65.2626373053 -72.9979701198 0.300288188625 484941 3633733 2073615 5507957
-66.2401750355 -72.9231062016 0.205356845137 475335 3633715 2649280 5654938
-67.0042746497 -72.8688908866 0.136079522694 467931 3632699 2425977 6212733
-67.9460789795 -72.8056460337 0.396856174531 458748 3625789 2320622 5994329
-68.8963367219 -72.7450756366 0.0896059465362 448983 3613169 2553172 5878130
-69.7342555869 -72.6943832995 0.448613930901 443768 3600358 3244342 6093701
-70.3724449106 -72.656684903 0.30245051959 442563 3588370 3211829 6760626
-71.1218898227 -72.6119905475 0.634419125772 438759 3574025 2836842 6723218
-71.9877138605 -72.5572900602 0.304285686676 440025 3562598 2544755 6346083
-72.903526891 -72.4957440877 0.127022698028 438104 3550291 2145354 6047448
-73.9389163979 -72.4238796381 0.0156565804805 427422 3536225 2900299 5647269
-74.613031087 -72.3802140204 0.740963036381 420825 3528084 2964122 6369889
-75.3831176779 -72.3326837375 0.306306812762 414326 3524993 3118101 6439555
-76.1141271589 -72.2902120977 0.311144899593 408024 3524881 3207814 6591424
-76.8400410382 -72.2498777239 0.6106541202 402342 3525196 3614641 6675744
-77.4609739048 -72.2172683529 0.425384511763 397690 3524094 3525634 7067154
-78.1621342575 -72.1817533018 0.650691383634 393231 3526855 3693691 6988453
-78.8065151626 -72.1510084024 0.372665327793 390525 3528839 3782709 7153152
-79.4502311308 -72.1209546139 0.0286142129987 387522 3530352 4223397 7247611
-79.9981660937 -72.0962785136 0.749517984473 386344 3529853 3870278 7679606
-80.6888703903 -72.0652540471 0.645080171375 387523 3529660 4480932 7341604
-81.1910072478 -72.0430975728 0.140745495682 387677 3529443 3835204 7934288
-81.9226574804 -72.010331973 0.572460756992 386010 3525895 3552446 7311887
-82.6496750479 -71.9779678124 0.138266587084 384369 3518621 2972634 7024732
-83.5125438087 -71.939583768 0.598994816233 381099 3517256 3148656 6450883
-84.2356949816 -71.9089601363 0.491633457038 375877 3522991 3229445 6617121
-84.9588075665 -71.8794799849 0.24259063338 373200 3532813 3829047 6712202
-85.5283249405 -71.8576284623 0.668818565463 368837 3541030 4144725 7311846
-86.103441705 -71.8365170027 0.92714163986 368303 3548497 4591271 7638043
-86.6203262474 -71.8181226558 0.103232844594 363844 3556315 4921737 8087739
-87.1246260156 -71.8007425025 0.19167419625 361616 3564209 4340124 8419723
-87.7925917352 -71.7783442499 0.118134594252 357567 3575783 4789461 7868473
-88.2968616025 -71.7624145786 0.938061734151 355865 3582919 5356694 8305483
-88.7434886225 -71.748789564 0.400317883829 353671 3589742 5358349 8869246
-89.2542957615 -71.7339862931 0.612846760646 354399 3598858 3230164 8878930
-90.2652477847 -71.7048978952 0.111224922368 351302 3613355 2071295 6798690
-91.4490986732 -71.6721873182 0.027880334776 349742 3631591 1971352 5665085
-92.5031496849 -71.6447392717 0.0574189798493 347511 3645827 2426233 5605978
-93.3447661612 -71.624504432 0.584797395214 343424 3656958 2626097 6052344
-94.1835942486 -71.6056445122 0.82852684379 343182 3666787 2635648 6260935
-95.0519058416 -71.5866833398 0.0185354466135 341586 3676097 2417777 6280027
-96.0075239757 -71.5669117347 0.775348230212 340178 3684863 1857859 6070999
-97.1865047622 -71.5431963181 0.430900292444 339607 3691368 2350369 5517449
-98.0436554559 -71.5269214898 0.55421615093 338585 3694700 2836302 6013542
-98.8008209819 -71.5127906472 0.279905945702 340375 3697350 3027702 6501900
-99.57010927 -71.4982541251 0.646219691039 337942 3691349 3350306 6687201
-100.26740935 -71.4854295067 0.276282414192 335656 3682005 2998562 7000623
-101.118397546 -71.4696603096 0.753117132156 333118 3672507 2827376 6639389
-101.975239806 -71.4539510477 0.0203334992165 327475 3663802 0 0
