# log_X, log_likelihood, tiebreaker, accepts, tries, exceeds, visits
0 -1.79769313486e+308 0 3108700 3127088 1565584 3127088
-0.704689226748 -17784.7361104 0.342155443136 3082334 3121379 2100529 4660795
-1.50773245883 -6374.04557068 0.260410733983 3004734 3120341 1871784 5153074
-2.52005344323 -3524.3909002 0.26713023211 2795391 3118341 1729279 4934940
-3.56714337955 -2420.36404378 0.192688248402 2610699 3117831 1721775 4794094
-4.59039620435 -1819.83429188 0.382879408527 2458027 3119071 1744261 4786154
-5.5994905482 -1395.31013338 0.555794393964 2345561 3118704 1879650 4807412
-6.54044774515 -1104.68779257 0.691390094574 2261361 3118493 2098535 4941782
-7.40108771501 -902.697227114 0.392785398698 2196357 3117529 2078401 5154602
-8.31199013936 -743.433526809 0.214844924582 2128617 3119416 2034663 5141586
-9.24112317718 -625.544316772 0.519177459434 2069844 3122038 2075681 5106616
-10.1442261508 -535.106364094 0.163365209713 2020761 3126225 2446530 5154892
-10.896216161 -474.293168278 0.15591114789 1984901 3128945 2835335 5519860
-11.5703430958 -428.592623151 0.723948507821 1953566 3128791 2866241 5898716
-12.298437588 -386.294591215 0.546198128359 1917935 3128906 2425300 5932104
-13.1954659259 -342.272566564 0.0245778718234 1877842 3127420 2387651 5499194
-14.034034478 -307.878177341 0.35656761697 1843378 3126301 2044747 5453852
-15.0156116289 -273.421753515 0.868190310209 1806200 3125088 1865019 5117758
-16.0247724758 -243.627927271 0.307864754665 1770593 3124541 1879551 4938319
-16.9918024175 -220.008465708 0.947453628428 1731872 3121795 1838892 4945259
-17.9813993749 -200.078621677 0.138944674326 1692569 3121251 1964302 4904369
-18.8989374458 -184.986014062 0.86489982544 1661715 3118630 1924602 5022498
-19.8593663373 -171.549703455 0.136962719757 1630488 3118019 1769344 4985306
-20.8941297004 -159.096391383 0.74993426277 1600245 3114653 1676726 4829833
-21.9502084376 -147.964257179 0.00163119769473 1572088 3112510 1914576 4735367
-22.8586874267 -139.21242248 0.690310191364 1550482 3110731 1923383 4963045
-23.8081888865 -130.776797865 0.988521110499 1531259 3108186 2047415 4971746
-24.6986753734 -123.519388673 0.41934799452 1509630 3105465 1980552 5089301
-25.6440893222 -116.450892127 0.69257769761 1484229 3103775 1770321 5025689
-26.6861389516 -109.632445961 0.0158730932925 1451482 3099080 2012836 4816795
-27.5625130294 -104.786912505 0.252735983894 1422600 3095781 2206692 5044022
-28.3940698533 -100.836804225 0.591849528249 1394082 3090536 2243087 5228048
-29.2444487555 -97.3597196923 0.456338641264 1363983 3083903 2080033 5259360
-30.1741140959 -94.0742339675 0.836617405073 1330368 3076051 2054717 5094268
-31.0847419809 -91.3231349384 0.835716871503 1301310 3072379 2011314 5064970
-32.0105322012 -88.9316152179 0.944095110203 1267437 3071008 1847023 5022264
-33.0108285444 -86.7436368105 0.696405841179 1232405 3073242 1650216 4866290
-34.089588156 -84.7731073247 0.426578388914 1200445 3077840 1643541 4678453
-35.1341609491 -83.1671911731 0.413181381496 1163630 3083142 1642006 4674844
-36.1788897152 -81.8206497021 0.617911472056 1128200 3086117 1651463 4675943
-37.2182988888 -80.6984909785 0.967816247874 1096061 3090597 1611128 4689121
-38.2843060264 -79.7171335463 0.649990104953 1063561 3094161 1635474 4654142
-39.3285914485 -78.8915656886 0.538744444547 1033092 3097540 1801371 4680534
-40.2848987719 -78.237793808 0.00848226629832 1005281 3100799 1639852 4844365
-41.3653701656 -77.5932668449 0.300688309155 972065 3103495 1429954 4692743
-42.5470114207 -76.9854772895 0.583684346215 937366 3107282 1391491 4491925
-43.7125594754 -76.4781900555 0.0126596032311 904304 3110078 1348985 4455306
-44.8999612422 -76.038161301 0.0749681306503 869851 3111662 1516771 4415776
-45.9661094669 -75.6983850925 0.531986466064 840973 3114881 1580340 4580207
-47.0280069398 -75.4046851424 0.28151496319 810533 3118870 1539521 4648358
-48.1294127897 -75.1397743503 0.102271598344 781382 3122736 1651822 4613294
-49.1555673614 -74.9213168941 0.421977192619 758244 3126005 1669185 4725651
-50.194894272 -74.7236079571 0.547896562189 729288 3129176 1703257 4746875
-51.2190246171 -74.5498987323 0.286973181219 702143 3131329 1807389 4781441
-52.192740785 -74.4026583496 0.0790735823941 675453 3134401 2034233 4885101
-53.0724728581 -74.2823479068 0.213677479644 648077 3135899 2198895 5106193
-53.9193584253 -74.1759856988 0.547700194912 624303 3137257 2202574 5269857
-54.7952312162 -74.0733520156 0.282534357528 598500 3138349 2184022 5275112
-55.6803116888 -73.9732824677 0.453175222058 572502 3137664 1951271 5254965
-56.6712747231 -73.860880973 0.922045910897 544525 3135533 1937083 5026310
-57.6261641598 -73.7450078192 0.308224684108 521746 3130261 2026862 5004432
-58.5328112999 -73.626129511 0.225072391425 506819 3127452 2479799 5089773
-59.2592738442 -73.528034591 0.724798229726 494944 3128259 2687782 5534320
-59.9882850326 -73.4341840139 0.845729561676 482211 3130603 2852464 5745879
-60.6955440329 -73.3496220441 0.243462616564 471777 3133552 2492907 5912643
-61.5625129176 -73.254175744 0.336649914839 457722 3138218 2263951 5570586
-62.4655218775 -73.165265509 0.254096127825 442707 3143237 2086566 5348728
-63.4084981687 -73.0820032058 0.962017796784 429914 3147817 2097475 5178261
-64.3149561955 -73.0102771661 0.55948762271 417098 3152142 2242566 5190556
-65.1585763803 -72.9502301276 0.61953246802 406511 3157483 2314191 5336838
-65.9985218552 -72.8955338476 0.251293931485 397858 3163781 2502962 5414453
-66.7759294949 -72.8489489009 0.345450938937 392305 3169062 2279348 5603502
-67.6780591175 -72.7984069256 0.491477961036 383628 3176203 1331347 5396150
-69.0636711567 -72.7259762142 0.0452248845889 375294 3185767 555405 4481940
-71.0868553865 -72.6254217798 0.282230161358 370532 3192193 727503 3729327
-72.6858252602 -72.5449074355 0.537169492669 374149 3184118 1077743 3884155
-73.9551975097 -72.4779132511 0.33194632455 368797 3170701 1372665 4210793
-75.071454385 -72.4191880527 0.523388250016 360587 3161799 1783701 4491804
-75.9975237404 -72.3722370227 0.599937676811 355138 3159137 2240450 4892195
-76.7846655421 -72.3341145717 0.120456646145 350984 3158462 2864993 5341690
-77.4167127561 -72.3040518706 0.535857917632 347820 3156992 3285245 5955014
-78.0201594828 -72.2758487217 0.287066736169 345135 3156504 3597158 6376163
-78.6010361579 -72.2492202631 0.777343720298 342278 3156897 3785118 6686359
-79.1781501318 -72.2228493193 0.447464256447 337221 3155280 4147865 6876205
-79.692431302 -72.2001250367 0.904993212268 336109 3152052 4400993 7228662
-80.1971622409 -72.178223778 0.90002111637 333203 3152320 3622929 7479760
-80.927070998 -72.1470491205 0.516370930569 327414 3149578 3373444 6721915
-81.6226640288 -72.1186048983 0.798655095259 325323 3149014 3439524 6464642
-82.2610725754 -72.0934481747 0.778672620515 322411 3147799 3311309 6521088
-82.9453138442 -72.0677753374 0.556837463244 319037 3143863 2536930 6391759
-83.8711356404 -72.03430081 0.536828704335 313597 3131674 2531197 5620303
-84.6738531359 -72.0070144065 0.392434561459 309720 3120601 2577707 5591854
-85.4538326171 -71.9814945806 0.665115879689 306793 3113143 2594597 5627764
-86.2336506301 -71.9569191059 0.356993279636 305628 3120155 2648060 5652328
-86.9977518644 -71.9335896838 0.384966382313 303766 3128831 2876100 5715385
-87.6917447174 -71.913069279 0.99146099296 303471 3138358 2884042 5950082
-88.4222155323 -71.8917660742 0.875238573424 303946 3147471 2970750 5974582
-89.1276448546 -71.8717491071 0.223100408373 304455 3156759 3210708 6073230
-89.7727909912 -71.8533554554 0.149586104821 305239 3164999 2959371 6320695
-90.5368864253 -71.8312082743 0.722174060738 305040 3175264 2515986 6092888
-91.4241076739 -71.8050413793 0.675593544118 305366 3183327 2573188 5663335
-92.2181579609 -71.7819733282 0.726316722958 301991 3190356 2633194 5718644
-92.999116204 -71.7602806073 0.310235498515 297382 3196874 1751126 5778136
-94.1872577594 -71.7292153128 0.0290375626022 294537 3205476 1603092 4921670
-95.3049508425 -71.7022193647 0.557874480504 294134 3212927 1971005 4771628
-96.1926097012 -71.6813246465 0.47523630709 294817 3217566 2553451 5130438
-96.8981842268 -71.6649631247 0.98339618922 296694 3219336 3014408 5700108
-97.543514384 -71.6497629609 0.161263741034 297111 3221331 3816601 6163152
-98.0329480637 -71.6381493315 0.47505843405 297112 3224593 4913155 6952841
-98.3908987711 -71.6296918643 0.0726251742249 296698 3228038 4887138 8034929
-98.8957454836 -71.617595788 0.0411983608024 294555 3230401 1629087 8027050
-100.474966537 -71.5782794296 0.40998645968 290096 3236302 881238 4834979
-102.145530985 -71.5397787559 0.361936430755 280732 3240089 952308 4089275
-103.581415147 -71.5099514091 0.193845970866 274448 3241344 1330324 4156621
-104.715233622 -71.4886393653 0.772447143562 272232 3230287 1642129 4516328
-105.726541133 -71.4703771219 0.0205703907325 268582 3223530 1976436 4845779
-106.626456664 -71.4548447916 0.998207199547 264645 3222064 2695585 5166931
-107.285913466 -71.4442145902 0.998250618352 262990 3222042 3829475 5886018
-107.727198504 -71.4374040595 0.873607224529 261437 3220454 3768123 7018324
-108.356105984 -71.4279999654 0.432629796108 257394 3221282 0 0
