# log_X, log_likelihood, tiebreaker, accepts, tries, exceeds, visits
0 -1.79769313486e+308 0 2719629 2734130 937361 2734130
-1.06651483503 -5847.3559434 0.414480327191 2460804 2739044 1286801 3628361
-2.10158021247 -4231.94337693 0.831397613699 2284694 2740914 1506080 3972271
-3.07254634081 -3035.68423488 0.541743119554 2178287 2743143 1621042 4193659
-4.02480689469 -2380.79611739 0.306966122045 2085462 2743605 1585166 4304793
-5.02388081233 -1608.155544 0.84820069944 2035273 2745685 1762084 4280128
-5.91516479799 -1253.78582691 0.59185518775 1963688 2748012 1695781 4449125
-6.88092436862 -1032.57985105 0.958172892306 1902512 2748870 1770920 4387401
-7.7912485072 -887.326041672 0.864078626641 1857392 2749591 1709206 4458532
-8.75142276512 -766.984645589 0.746080405659 1817538 2750030 1751579 4400337
-9.67521917872 -673.680073321 0.606909715088 1785389 2751272 1784445 4442900
-10.5903118045 -598.043096197 0.738525279681 1757076 2753975 1842765 4478642
-11.4819825318 -537.175853856 0.0183610837631 1730314 2755626 1900168 4538767
-12.356786612 -486.984120868 0.231570184766 1707748 2758604 2101343 4602713
-13.1473266718 -447.946811891 0.769193008201 1688683 2759341 2444897 4802945
-13.8314303057 -417.920439365 0.0491955292306 1675224 2759312 2584731 5139905
-14.5268872325 -390.102716088 0.928605224378 1663414 2758912 2518212 5280943
-15.2741080097 -362.840418243 0.835002222509 1651890 2757353 2542681 5220956
-16.0007859586 -338.988809577 0.963859387453 1639722 2755760 2592457 5243441
-16.7126777449 -317.729288476 0.186877537947 1630792 2754933 2702127 5286041
-17.3918830946 -299.066427054 0.310719127025 1624190 2755490 2636397 5390703
-18.1142314335 -280.911429554 0.811695408141 1615955 2754094 2532580 5326834
-18.8642927978 -263.529530996 0.455142701088 1605077 2752213 2513057 5222754
-19.6027604471 -247.905616324 0.855000519417 1598234 2750484 2426590 5200335
-20.3712601523 -232.74964691 0.297513746711 1590987 2749202 2695281 5116058
-21.021227892 -220.864445452 0.0496687945391 1582874 2746529 2824638 5370012
-21.6723129777 -209.722116061 0.0849708179631 1575808 2745238 2498467 5495824
-22.4659737317 -196.995894422 0.260513510833 1570170 2743399 1873407 5175466
-23.4816612596 -181.948840942 0.352702516228 1560514 2743039 1624462 4563810
-24.5135202243 -168.496875105 0.73031496617 1551364 2742605 1880445 4316975
-25.350074234 -159.040005851 0.190845567025 1543394 2744350 1743018 4561843
-26.3134291953 -149.42799006 0.119190040387 1534405 2745270 2035688 4436537
-27.0993151421 -142.735459184 0.191161611461 1528175 2747376 2107051 4717384
-27.9110163615 -136.737671204 0.0513915395513 1516286 2748797 1927815 4792312
-28.8243765315 -130.959844814 0.844515256018 1506072 2748645 1924519 4618089
-29.7035699515 -126.185374282 0.993107257587 1491164 2749185 1833127 4611463
-30.6285663654 -121.917327016 0.862117519364 1479252 2749709 1906743 4524368
-31.4969482635 -118.504605187 0.0833209051587 1464259 2748868 1885718 4592805
-32.390597824 -115.514398957 0.174311326502 1448074 2748493 1991722 4573898
-33.2271626825 -113.152099318 0.0136921630837 1431763 2745492 1944345 4672511
-34.1077361806 -111.029256022 0.899124149 1412583 2744693 1810493 4627141
-35.0480539459 -109.088497137 0.372704737716 1394546 2742351 1768268 4495192
-35.983265948 -107.427105686 0.453797783966 1376788 2739604 1517096 4450066
-37.056676777 -105.786251775 0.345383447801 1351504 2736990 1822435 4205903
-37.8984778271 -104.682042551 0.920649891764 1338450 2735311 1997015 4496117
-38.7158901347 -103.721243717 0.747547069616 1321334 2734733 2042734 4667688
-39.5475007932 -102.840018387 0.328422212102 1308710 2735694 2160673 4716955
-40.3346505249 -102.087366544 0.745709005692 1294728 2736583 1968202 4832218
-41.2359074794 -101.301031831 0.174532068488 1279605 2737680 1771611 4649171
-42.2018453603 -100.534874763 0.585267965475 1265781 2739435 1866461 4459167
-43.0769186934 -99.909505852 0.986682989412 1246476 2741052 2002356 4549409
-43.9031207462 -99.3745389672 0.617081871467 1230743 2742051 2073006 4681407
-44.7232639804 -98.8872590808 0.344634221611 1214211 2742680 2012294 4749736
-45.5863286837 -98.4198292574 0.863237582176 1194375 2743177 1707619 4691256
-46.5965816307 -97.9255364418 0.546433511628 1172512 2743473 1602922 4396441
-47.6052361186 -97.4859267515 0.760292723974 1145393 2742961 1541710 4291039
-48.6280231822 -97.0898924077 0.463311567764 1116378 2742448 1664595 4229945
-49.562981403 -96.7669061697 0.129436316789 1091525 2744121 1625871 4350099
-50.5476878285 -96.4604552253 0.252371415945 1062596 2744608 1593709 4314806
-51.5438177217 -96.1808731971 0.715133178642 1029833 2746110 1745825 4285059
-52.4451845353 -95.9537347842 0.271643961842 996245 2748560 1874574 4433339
-53.3104418939 -95.7546306268 0.621701973335 959618 2750076 1868895 4560619
-54.2059856981 -95.5671275863 0.859462469261 919736 2751603 1982061 4558317
-55.0439765235 -95.4054897304 0.670672452773 876013 2752822 1994195 4670814
-55.8996097211 -95.2509556391 0.32338536545 822341 2753782 2036101 4685500
-56.7380667902 -95.1062409029 0.510410300345 761099 2755044 1938662 4730372
-57.6333890467 -94.9525943997 0.0248214971942 689585 2754981 1839350 4640366
-58.5611421019 -94.7882298719 0.844096156762 614917 2755705 2062752 4549067
-59.3583818445 -94.640474097 0.556098198917 566767 2757521 2340124 4768536
-60.0782846843 -94.5035476364 0.622115339134 534524 2757389 2198142 5037020
-60.9122768296 -94.3477593925 0.122574536675 504675 2758998 2108987 4899646
-61.7597857639 -94.2006691296 0.616985948691 481452 2760759 2274529 4808759
-62.5155515543 -94.0790586517 0.107404323867 465444 2760832 2070249 4964422
-63.3938231714 -93.9472126767 0.691134043989 451052 2760188 1828444 4767273
-64.3534439741 -93.8134634413 0.956003265479 440512 2759338 1691212 4529435
-65.3390930107 -93.6852726141 0.0776974092653 429952 2760462 1742570 4393571
-66.266394525 -93.5690987889 0.390688609743 425307 2759284 1615899 4440989
-67.2770004797 -93.4432581965 0.339142450585 419860 2757031 1747401 4316791
-68.1846104196 -93.3295859339 0.990276213903 413222 2756855 1729737 4442654
-69.1297897316 -93.2121118293 0.574940837873 403734 2756660 1854699 4427350
-70.0040784226 -93.1094194996 0.533396627494 396289 2756447 1891197 4546594
-70.8851389992 -93.0127113875 0.737991627705 387887 2756426 1857390 4583026
-71.7914082089 -92.9208056188 0.556122840724 379700 2756761 1961874 4554034
-72.63843428 -92.8408001903 0.107307681377 372812 2756292 2106382 4654714
-73.4375071205 -92.7686706155 0.910560317597 367155 2756047 2382005 4798160
-74.1460928348 -92.7078653811 0.461650342662 360487 2752283 2387816 5066920
-74.9051070566 -92.6436962828 0.141797137149 356146 2748166 2614803 5076230
-75.5771583567 -92.5868185396 0.559653269072 352189 2741593 2852693 5293938
-76.2047018189 -92.5328491393 0.340452957814 350114 2734991 3152057 5525609
-76.7759675509 -92.4814951787 0.0944516599153 347716 2729592 3279097 5821282
-77.3591357768 -92.4262483521 0.550390077426 346793 2722964 3046016 5948699
-78.0357902434 -92.3566212106 0.939068864436 344671 2719592 2827786 5724834
-78.7479930611 -92.2790771021 0.780824643509 340847 2720211 3184105 5503889
-79.3054964298 -92.2191707711 0.581885126654 336581 2724021 3030233 5834184
-79.9683182382 -92.1503163255 0.441251237722 333512 2727518 3470252 5688966
-80.4734106987 -92.1008910758 0.54357960834 329491 2730258 3676542 6112428
-80.9916035576 -92.0523578374 0.918990000512 324887 2733575 3238751 6323601
-81.6676005914 -91.9929511845 0.907227451887 320254 2736578 2573392 5901833
-82.5017252159 -91.9243151162 0.45089214795 315302 2740362 2466686 5253519
-83.264093273 -91.8669578749 0.895625454241 311969 2742739 2481298 5142823
-84.000023441 -91.8153070559 0.669007694614 307966 2745045 1876364 5159103
-85.0111086263 -91.7487190053 0.494806688313 300744 2742655 1888387 4572331
-85.8990673091 -91.6963114036 0.999065768485 296864 2743855 1624099 4575032
-86.9335157854 -91.6397735287 0.0230035964786 291635 2743695 1582888 4318385
-87.9370177933 -91.5911274269 0.960521757285 287570 2745934 1485543 4273401
-88.9915707791 -91.5448871711 0.120280228176 286289 2752258 619587 4185696
-90.849293986 -91.4656499839 0.753116567211 292389 2754745 945901 3356142
-92.1020622679 -91.4141276757 0.352448189091 296431 2748977 1405526 3659070
-93.0606126164 -91.3740938041 0.743123287444 299748 2742202 1519015 4097376
-94.0531828881 -91.3312283301 0.886006378349 300600 2732514 1824994 4207031
-94.8938825725 -91.2940912595 0.944380246829 304059 2736326 2345077 4509092
-95.5576236714 -91.2643976406 0.494488404855 304330 2742109 3022030 5019465
-96.07696765 -91.2409698528 0.00213349713741 303787 2745002 3719396 5683990
-96.5129795185 -91.2212018226 0.703246545688 303899 2746310 3629625 6373431
-97.0845951056 -91.1949585557 0.268348193281 303044 2746498 2782757 6299709
-97.9057580317 -91.156322191 0.2076550268 296756 2745809 1875458 5477791
-98.9755193599 -91.1094857663 0.175546210092 285872 2741488 1717970 4583549
-99.9574665549 -91.0728964188 0.238476668821 277386 2726946 2174556 4405028
-100.672256054 -91.0492781615 0.207053246066 273447 2719665 2152067 4832648
-101.486746281 -91.0243548401 0.61301746529 268660 2711240 2029412 4805263
-102.352827643 -90.9994234204 0.123859001762 262702 2707496 1357640 4679142
-103.581475705 -90.9664594203 0.60054610221 256152 2702392 1216664 4024636
-104.769631145 -90.9385901451 0.199831931314 249398 2698468 1559028 3881175
-105.685006713 -90.9197301083 0.467692017373 246135 2697556 2185427 4209465
-106.351136503 -90.9072955707 0.512218982108 244380 2696781 1680937 4816154
-107.402044763 -90.8880143078 0.935545155279 239906 2694646 1538686 4338963
-108.437437653 -90.8705184394 0.0244616259411 236686 2698894 1597939 4202603
-109.405605142 -90.8557120478 0.141071130629 234628 2703489 1949229 4255475
-110.193454984 -90.8446281735 0.346764949675 232852 2706536 2119186 4597374
-110.974644394 -90.8343387378 0.943050102045 229403 2707692 1879523 4768674
-111.90783515 -90.8229535706 0.412580038596 226858 2704497 2290744 4541363
-112.601334551 -90.8152504518 0.0299937397083 223295 2696221 2704294 4928193
-113.211764605 -90.8089240115 0.244057191904 220209 2680795 2388212 5323898
-114.018627833 -90.8010767633 0.147943160972 215880 2664537 2644984 5013795
-114.667451552 -90.7952187895 0.753607456257 214544 2663489 2628832 5248767
-115.366698989 -90.7893044109 0.898536711951 213193 2670413 2795294 5244166
-116.004987415 -90.7843584288 0.350414672789 211370 2678843 3355607 5418289
-116.495712896 -90.7809088104 0.159804621634 209425 2685231 2162327 5962180
-117.509593389 -90.7741304673 0.0444554046371 206549 2696174 1440971 4822757
-118.710308006 -90.7667381464 0.474898020503 205083 2706972 1930368 4122665
-119.477044829 -90.7627890584 0.574989879525 204248 2714493 2503817 4611070
-120.098438068 -90.759691928 0.418512882212 203412 2720273 2630723 5198947
-120.787725094 -90.7563111936 0.288567890372 203235 2723023 2794958 5322111
-121.440456353 -90.7532606832 0.122247890978 201256 2727370 3030014 5490496
-122.044283583 -90.75073867 0.50914051886 201360 2732052 3190592 5730353
-122.639006176 -90.748388074 0.739296889494 199214 2733447 3422844 5892501
-123.191843298 -90.7463669705 0.555526759611 197951 2736762 2422672 6127881
-124.121570666 -90.7430548817 0.393811890515 195512 2739462 2669177 5130561
-124.783810152 -90.7409831608 0.690097639241 194206 2743490 2386966 5381008
-125.601546653 -90.7385242199 0.837752542301 191590 2748575 0 0
