# log_X, log_likelihood, tiebreaker, accepts, tries, exceeds, visits
0 -1.79769313486e+308 0 3173139 3191336 1540818 3191336
-0.739427100641 -9900.17969309 0.50795733847 2949800 3174966 1977327 4673906
-1.6039531869 -7567.66605441 0.157427751092 2809455 3177066 2113092 5102574
-2.48890784995 -6056.20057584 0.267816772268 2691157 3181590 1991132 5236569
-3.45682395322 -4851.64320572 0.465797642246 2574437 3185727 1793815 5121344
-4.50439104584 -3848.82622767 0.210653355405 2470074 3189687 1907036 4933089
-5.45630969316 -3097.4273605 0.754546060636 2399023 3190282 2161648 5039329
-6.30705263085 -2592.98434597 0.207086533729 2341096 3190727 1906666 5287281
-7.32641573338 -2007.38335255 0.400599443123 2305159 3192251 2106475 5050647
-8.20450278795 -1611.77485459 0.779018798249 2258481 3193670 2188183 5237238
-9.08073398077 -1351.87905002 0.087706660775 2204377 3192925 2048636 5316848
-10.0357477274 -1151.09755638 0.880240257637 2148865 3191377 1896449 5178527
-11.0401504587 -992.976371295 0.461956146316 2100720 3188806 1791074 5026710
-12.0711111366 -864.770255293 0.509290564667 2056385 3187165 1807165 4923080
-13.0732184161 -763.212916341 0.244980237284 2021552 3188236 1762751 4936639
-14.1020888993 -676.131898263 0.317662099907 1987776 3187817 1703492 4894319
-15.1557029034 -600.690129858 0.536902774021 1952607 3184593 1661612 4835742
-16.2217155437 -537.071227816 0.0226057060909 1921817 3184294 1852848 4794650
-17.1740268819 -489.388337768 0.840286374667 1895482 3182936 2028422 4981096
-18.0753956123 -450.346390952 0.693449885752 1871378 3182420 2397456 5153227
-18.8468594675 -420.784892525 0.528509133221 1858495 3184710 2480193 5517032
-19.6514375662 -392.928087875 0.909886784136 1845064 3187019 2725670 5607245
-20.3794747967 -369.773927403 0.39407233575 1835306 3190691 2593734 5851894
-21.1976241489 -345.712291521 0.313069513305 1825297 3193195 2660712 5731513
-21.9705971598 -324.8762519 0.98542259961 1816007 3195727 2694432 5799337
-22.7426943143 -305.65359122 0.124133104079 1808716 3198044 2798250 5835610
-23.4838391944 -288.303493526 0.921104315167 1801528 3199260 3030348 5942333
-24.1645108395 -273.372005802 0.731150469981 1795846 3200952 3208534 6169945
-24.8257237747 -259.796114449 0.626685482577 1790475 3202850 3362675 6348974
-25.4687290854 -247.411454739 0.193131371358 1783284 3205305 3336467 6501350
-26.1425721273 -235.209155789 0.712538135226 1778590 3206063 3172365 6476036
-26.862155846 -222.933707526 0.597550095491 1771816 3207419 2916099 6313186
-27.639535582 -210.55741576 0.55069686485 1768998 3211306 2681615 6066718
-28.4602036946 -198.306323127 0.516266303004 1764178 3213835 2624206 5837455
-29.2645225519 -187.123238764 0.203940626073 1757480 3214158 2778629 5778473
-30.0029816947 -177.745284745 0.30179243528 1747534 3213055 2954141 5925082
-30.7058053424 -169.639388648 0.0203588684787 1741105 3214241 2606821 6098139
-31.5591872507 -160.726696249 0.254136815874 1732051 3214700 2333868 5761972
-32.4653937893 -152.372201458 0.22722874809 1718703 3215310 2227478 5491171
-33.3702745497 -145.09964918 0.280534705518 1708717 3215855 2105768 5385501
-34.3109930816 -138.499706109 0.522633157281 1694493 3214435 2169987 5263693
-35.2002488264 -133.043202404 0.777621328128 1680247 3214833 1942537 5324006
-36.2082416517 -127.674926301 0.192850515881 1664404 3214887 1876011 5101661
-37.2086475288 -123.098553591 0.912347532973 1648278 3214566 1777404 5032751
-38.2481923417 -119.012449485 0.672632498706 1628191 3213453 1717525 4935564
-39.3020023714 -115.508655443 0.416974343967 1605485 3212266 1801885 4874618
-40.2973609631 -112.683119482 0.111222701969 1586884 3211660 1856205 4954571
-41.2796960922 -110.292189075 0.378926966824 1566694 3211871 1736352 5007322
-42.3369486588 -108.081840538 0.670393251491 1541324 3211425 1644062 4891605
-43.424342771 -106.129481947 0.736552442984 1519175 3212913 1722291 4803925
-44.4492889483 -104.541062557 0.743328165391 1494649 3215139 1596492 4881945
-45.5631118818 -103.04661579 0.550437055466 1468303 3216954 1600754 4764642
-46.650813112 -101.784437471 0.658011780942 1441970 3218406 1719231 4769933
-47.6706054444 -100.753590973 0.161771204383 1415515 3218670 1708209 4885704
-48.7198388616 -99.8123677692 0.372884162198 1389956 3219153 1801940 4877848
-49.7158094775 -99.0163148717 0.325600385421 1366228 3220394 1644427 4969636
-50.8183235592 -98.2265449417 0.878294255556 1341052 3221516 1854399 4820200
-51.7749690918 -97.6098885015 0.262058517096 1321280 3221356 1999356 5021509
-52.6981985726 -97.0645690673 0.789137781937 1299215 3222223 1916776 5163968
-53.6895236697 -96.5257027279 0.901748406091 1278926 3222687 1793107 5084676
-54.7305034858 -96.006360948 0.206442817855 1252756 3223958 1767157 4964320
-55.7623757636 -95.5387796066 0.5891020946 1225211 3224871 1864078 4937762
-56.7373136273 -95.1357871899 0.330569750347 1195273 3225706 1794337 5032083
-57.7675471093 -94.7530237754 0.977672665041 1162451 3225824 1757366 4966078
-58.8051409429 -94.4068036482 0.706976904279 1122338 3227203 1863021 4930826
-59.7792668079 -94.1139788753 0.741859679448 1084250 3227776 1904401 5034548
-60.7522595142 -93.8486742777 0.844436086999 1036992 3228925 1935167 5076474
-61.7177390893 -93.6066240675 0.0753693995209 984411 3229796 2192504 5110398
-62.5682586876 -93.4066357783 0.507937776195 929316 3231420 2425609 5363697
-63.3671846023 -93.2258029723 0.540054446888 869976 3235502 2759285 5601163
-64.0821636138 -93.0653250083 0.351085556546 808852 3239152 2844152 5935897
-64.8239600274 -92.8951102642 0.556641640415 742454 3243344 2981919 6031995
-65.5350269142 -92.7243758719 0.37325260987 684658 3247939 3228779 6174499
-66.1907809827 -92.5574071202 0.155739234559 638246 3251673 3597759 6422564
-66.7785693283 -92.3995459838 0.0809475629389 610073 3253782 3360418 6781206
-67.4865463882 -92.2032000871 0.632874495786 588493 3257261 3049827 6552786
-68.2563019611 -91.998217706 0.97684918231 574886 3259029 2731434 6244897
-69.0871717499 -91.7931094324 0.815474731046 560923 3261405 2511308 5930673
-69.9499190567 -91.599739931 0.607741597692 549648 3262065 2415746 5714093
-70.8143485147 -91.4231653839 0.861717020657 536568 3262985 2466470 5617532
-71.6419013524 -91.2687739361 0.260966672667 525936 3263229 2651923 5665835
-72.4068980664 -91.1365475805 0.883168492325 515198 3260756 2468894 5843889
-73.2719343683 -90.9981443494 0.565967484142 504546 3257769 2450939 5666451
-74.1140921913 -90.8736836251 0.985316849355 493053 3255781 2271577 5643820
-75.026525144 -90.7487222901 0.643180479965 480412 3250270 2337338 5465621
-75.879927135 -90.6395751335 0.0340878684931 469710 3246051 2307803 5522171
-76.7557404827 -90.5334139521 0.573573325008 458981 3241706 2436245 5491513
-77.5732769924 -90.4373961713 0.708989970511 450598 3237230 2298153 5612843
-78.4690138666 -90.3338531232 0.677464392716 439744 3231765 1900175 5476201
-79.5257913148 -90.2108952513 0.641474634828 430506 3223448 2404429 5080080
-80.2805520223 -90.1219146961 0.418768373106 421785 3215054 2575258 5555407
-81.0551022195 -90.0298593414 0.562154296178 413348 3203361 2431625 5718034
-81.9138045136 -89.9280936988 0.715811972063 404252 3194947 2498371 5575883
-82.7215633709 -89.8354273437 0.339616342818 393753 3186623 2589566 5631381
-83.503904645 -89.7504529361 0.255299046966 387081 3182954 2835113 5716805
-84.212206106 -89.6757451937 0.782309644734 380444 3181808 2749405 5957857
-84.9907896062 -89.5954399711 0.173002692355 375063 3179238 2781721 5875563
-85.7443816033 -89.5195424216 0.355796550227 368904 3173124 2860466 5897627
-86.4742729936 -89.4473954399 0.656866560243 362268 3169203 2394593 5966906
-87.3894411259 -89.3581645525 0.444962883229 356909 3163227 2349412 5500196
-88.2439447304 -89.276221172 0.275123239105 351279 3156705 2259842 5441998
-89.126022728 -89.1931014567 0.179642196815 347825 3153961 2133260 5353214
-90.0482754453 -89.1060693031 0.414878672602 341772 3148092 2818184 5225960
-90.6751982855 -89.0483991877 0.88783472725 339325 3148942 3094602 5890096
-91.3266795179 -88.9900077442 0.471858789247 335778 3147660 2831416 6168977
-92.110407897 -88.9208841445 0.783451733373 331307 3147361 2183570 5920459
-93.1079268984 -88.8373070326 0.228055627099 326423 3146514 2457360 5288391
-93.880418699 -88.7771779315 0.114546631805 321908 3145774 2580722 5544925
-94.6510599002 -88.7215054492 0.359366247898 316895 3145848 2583004 5665839
-95.4418167708 -88.6681856911 0.401657239145 313089 3143872 2385163 5668410
-96.3108755279 -88.6129057551 0.0365887657382 310852 3146699 2787252 5479169
-96.9945673977 -88.572247301 0.525766532401 307627 3146227 2093322 5865697
-98.0241274088 -88.5152015118 0.617704620538 307657 3149870 1782223 5196917
-99.0921864689 -88.4591602494 0.150090776432 307961 3154171 2529415 4889489
-99.7603760837 -88.4264368859 0.859308947176 307373 3157704 2917476 5610134
-100.422284316 -88.3943427958 0.501608518205 309312 3161244 1852308 5998111
-101.592396266 -88.3362710556 0.708525454221 310521 3162158 1772385 4965946
-102.621725865 -88.2870808114 0.291309072715 313199 3157561 1886160 4874266
-103.572703044 -88.2403780854 0.0861419286831 314852 3156320 1897400 4987606
-104.540188218 -88.1931125593 0.0183619833861 316964 3149491 1708264 4994552
-105.610741418 -88.1382913891 0.802691189936 320269 3140906 1749002 4805684
-106.621151122 -88.0862897978 0.86062205917 320308 3135798 1383601 4840212
-107.864384172 -88.0217610517 0.920443565544 314388 3134657 1505995 4488588
-108.953191766 -87.969709333 0.477397822846 307806 3137643 2300906 4612979
-109.657498432 -87.9395014566 0.524979138975 303244 3138423 2952500 5385060
-110.267904023 -87.9147932204 0.717807191509 300333 3139838 3712031 6031619
-110.76366842 -87.8956676805 0.871663085752 295936 3142590 3974741 6782415
-111.306558687 -87.8756899246 0.301105784685 294605 3145171 3826808 7053599
-111.925148632 -87.8538700955 0.65549541977 290676 3147261 3858410 6917830
-112.516631417 -87.8344037518 0.35702392311 289357 3150651 4116653 6952930
-113.049209215 -87.8178409904 0.796696284567 286878 3153022 3643327 7206619
-113.737175484 -87.7972495983 0.00680536229817 285286 3155746 3103448 6747388
-114.518411002 -87.7750702879 0.618683315715 283930 3161340 3317367 6214758
-115.153907684 -87.7578924078 0.48836773189 283240 3165412 3861814 6423942
-115.672168006 -87.7444437332 0.94174919587 282645 3169292 3996941 6960625
-116.234921265 -87.7301748426 0.0442359710925 282648 3173595 3128193 7107948
-117.059256545 -87.7092580833 0.426145568185 280393 3178395 3298927 6267757
-117.708512998 -87.6938069213 0.147934414594 279828 3182936 3276936 6435638
-118.390131961 -87.6782843692 0.132512793532 276419 3187017 3853208 6426078
-118.910914581 -87.6671474697 0.513825708577 276076 3189710 4364055 7000554
-119.392596195 -87.6572255615 0.444576983659 274807 3191954 5650273 7527169
-119.689957568 -87.6513087218 0.886307433112 274645 3193294 6000238 8794564
-120.080463677 -87.6435682559 0.617777405762 274522 3195484 5905155 9171318
-120.528010075 -87.6347317204 0.0566220336827 274509 3197445 7231898 9070950
-120.763855205 -87.6302585095 0.256944420536 272984 3197907 8361304 10398120
-120.990024754 -87.6259575916 0.592539638357 273901 3199359 7567710 11529080
-121.416971111 -87.6177914996 0.827923352496 271822 3201738 6248901 10737832
-121.963690979 -87.6075476341 0.872681728232 270179 3204434 6652059 9421538
-122.31969958 -87.6012861187 0.630472831823 269521 3207478 6427286 9827704
-122.751303771 -87.5937866988 0.487568940482 268462 3209846 0 0
