# log_X, log_likelihood, tiebreaker, accepts, tries, exceeds, visits
0 -1.79769313486e+308 0 2356010 2369600 1089611 2369600
-0.789487458338 -7934.1562882 0.145358254962 2152730 2363299 1462652 3406217
-1.64121486496 -6060.40800988 0.875789424409 2022515 2365712 1591256 3771150
-2.50924150142 -4846.90412787 0.0485326758161 1913952 2367414 1630722 3897233
-3.38520687877 -3923.25979876 0.711153263793 1830204 2369745 1626532 3937421
-4.27351736136 -3151.32790329 0.362981802812 1768437 2372084 1644027 3936918
-5.1513739224 -2591.18787142 0.536696930037 1713724 2373363 1638469 3953543
-6.03655260408 -2093.24697435 0.625901428441 1677669 2375210 1700524 3950993
-6.88518858009 -1661.08970648 0.459869119897 1648325 2376957 1521283 4013850
-7.85649886596 -1333.07510439 0.271416861836 1602485 2378754 1367999 3843641
-8.88824224132 -1105.73080238 0.264299036519 1563282 2380426 1422348 3694819
-9.84468698081 -957.620703006 0.638486865476 1529268 2381639 1393152 3745579
-10.834137284 -838.257542078 0.960961676183 1503466 2382729 1504412 3721076
-11.7434260397 -747.563542659 0.267855591589 1482539 2383498 1541098 3827384
-12.6565442119 -669.510800163 0.478886097191 1464714 2385083 1458880 3865698
-13.6320083084 -597.886926926 0.737615662555 1445502 2387556 1402160 3791429
-14.6269478752 -536.713425736 0.380975342514 1426744 2389957 1329693 3738565
-15.6593096224 -483.075272204 0.0233335465862 1410095 2391395 1422504 3668607
-16.6088226212 -440.967357152 0.601155933074 1395620 2393212 1600635 3762756
-17.4690405671 -407.901352427 0.0526105177352 1383225 2394112 1815534 3937902
-18.2511397527 -381.204911712 0.132037064967 1372502 2396111 1971344 4153082
-19.0045602387 -357.625140086 0.445197285993 1367979 2397622 2110848 4309455
-19.7271315006 -336.826612615 0.839610466126 1359311 2400179 2006042 4450125
-20.5302302013 -315.428648635 0.937748647647 1355366 2401372 2409117 4353577
-21.1337842507 -300.697430813 0.456135427113 1349195 2403428 2249964 4740500
-21.8862984554 -283.52444038 0.1950758968 1343637 2403210 2321983 4595720
-22.5780863853 -268.949839548 0.911263762226 1339134 2403325 2514568 4663840
-23.2062960684 -256.43499503 0.735516532246 1334883 2403733 2475132 4849947
-23.8878224657 -243.556364348 0.257397199254 1328199 2404190 2494793 4818791
-24.5553771936 -231.769227088 0.831397996874 1326006 2405713 2436992 4840845
-25.2502544212 -220.091934619 0.117935391691 1321242 2406960 2460664 4783375
-25.9241262064 -209.461915905 0.0575926849241 1321765 2407734 2599035 4803599
-26.5486035392 -200.20155676 0.398982620929 1319366 2409758 2350788 4933654
-27.2970356157 -189.754123501 0.920017596498 1313741 2411479 1909651 4692335
-28.1991816157 -178.16917899 0.638756033063 1308722 2411559 1712157 4259794
-29.1136853595 -167.520961522 0.256808006374 1303797 2411036 1760854 4062295
-29.9553189838 -158.778004954 0.313703762556 1295943 2410374 1684150 4105833
-30.8502984441 -150.480003764 0.935316878888 1288291 2409955 1339220 4031781
-31.9483701573 -141.506976112 0.621424363213 1277843 2408447 1447972 3699444
-32.8888551336 -134.997522383 0.531529897226 1268289 2406460 1522971 3794780
-33.8051583108 -129.441455151 0.928144862634 1259063 2403861 1500918 3863138
-34.7526525549 -124.419414918 0.335186688315 1246949 2401641 1481473 3839992
-35.7069247413 -120.026723144 0.763554902397 1234697 2399345 1284407 3818006
-36.7926426482 -115.700449311 0.450707979373 1219984 2396207 1298641 3627273
-37.8186559814 -112.20312644 0.758701570313 1204881 2395238 1399064 3638481
-38.7762225988 -109.416628602 0.866867667189 1194032 2394155 1411476 3734968
-39.7504042848 -106.940676193 0.583244075996 1177497 2392363 1414375 3747460
-40.7258189578 -104.785165582 0.0683904992723 1161858 2390990 1497054 3750721
-41.6474407272 -102.991841361 0.0698547560741 1147049 2389124 1395462 3828778
-42.6563895968 -101.25312023 0.379534586886 1131051 2387222 1439186 3729109
-43.610385797 -99.7966128959 0.0319788356992 1115234 2385717 1355671 3768162
-44.631769282 -98.4176832207 0.889873418502 1093035 2383084 1390579 3686836
-45.6078315961 -97.2620695622 0.0445461130578 1076559 2380508 1400861 3716389
-46.5844786015 -96.2206513667 0.687696382857 1060890 2378855 1464120 3725500
-47.521031012 -95.3209270218 0.598953014039 1040122 2376159 1437460 3783418
-48.4900550412 -94.4746260361 0.889713404684 1025242 2372782 1535838 3755262
-49.3882057969 -93.7579444441 0.973599658691 1009105 2369018 1644577 3844568
-50.2429293968 -93.1266726 0.648533847587 993377 2365750 1694226 3947082
-51.0942006319 -92.5467249413 0.678252348399 977909 2364234 1670548 3995002
-51.9706812055 -91.9910918377 0.705230190228 961798 2361832 1568904 3969408
-52.901577018 -91.4418073326 0.194219572609 945050 2359605 1615624 3868955
-53.7795247576 -90.962082021 0.378583447101 930101 2358572 1665193 3910227
-54.6384842152 -90.5219173947 0.632095732169 912844 2356806 1403008 3956683
-55.6738328938 -90.0267224068 0.0638338332124 891607 2356014 1359789 3703543
-56.6757129399 -89.5845663004 0.194264175653 869226 2356587 1431373 3659034
-57.6167491982 -89.2031620787 0.422952884474 841274 2357362 1449190 3727120
-58.5635746855 -88.8493046176 0.579055664206 811913 2357488 1500946 3746254
-59.4815535925 -88.5348826629 0.695667463165 775516 2357852 1439998 3796820
-60.4522765461 -88.2255947062 0.372876294332 730126 2359241 1394714 3742051
-61.4397469969 -87.9267768697 0.542159325967 673234 2361119 1583995 3699248
-62.2937168925 -87.6774839877 0.103616554805 616940 2363610 1631413 3881207
-63.165313559 -87.4192089282 0.648123913851 554093 2364769 1274826 3931007
-64.2862169156 -87.0650169764 0.392540900285 476008 2364759 1235864 3588626
-65.3493409941 -86.7020119889 0.945998188756 432162 2363317 1309216 3543488
-66.3452080783 -86.3583704062 0.303676790453 413523 2359629 1362162 3610245
-67.3209592427 -86.0413746315 0.339059142008 403518 2357843 1366738 3661260
-68.3069407063 -85.75133627 0.426211401513 393108 2355916 1458971 3664967
-69.2311717365 -85.5037823482 0.977773904954 381490 2356262 1465476 3754842
-70.1743607153 -85.2731301187 0.749472640794 370840 2356943 1515541 3763770
-71.0874982965 -85.0713278184 0.87213304486 359308 2355769 1581225 3810787
-71.9716621248 -84.8941897052 0.749892448112 349805 2355794 1388719 3874819
-72.9967424491 -84.7071642329 0.564058867864 338915 2355117 1322047 3690815
-74.0222989038 -84.5376398836 0.185905688533 329450 2357623 1303411 3626182
-75.0445145415 -84.3845331044 0.0624312269686 318505 2359243 1168596 3608960
-76.1664342454 -84.2311879679 0.924341132701 307317 2356476 1231176 3478594
-77.2033804316 -84.0986135572 0.0985187707388 298826 2353082 1551256 3537887
-78.0347561526 -83.9994864593 0.967994446716 292321 2353923 1846406 3847657
-78.7782343888 -83.9128610562 0.999462426379 287993 2354252 2033002 4138983
-79.4984508233 -83.8257032021 0.543918766657 285230 2352437 2245349 4327457
-80.1648799572 -83.7391937306 0.469474782119 280157 2351062 2214372 4537931
-80.890702911 -83.6348548916 0.208745941609 275733 2351333 1841797 4510886
-81.7898129258 -83.4869868547 0.225166130771 270768 2351901 2057067 4144375
-82.499841167 -83.3701820283 0.111865139682 265775 2349384 2210815 4341725
-83.184551501 -83.2643475401 0.187351003415 260467 2349527 2140313 4493985
-83.9341038066 -83.1555146527 0.321505588906 254747 2347788 1659207 4428646
-84.9164813793 -83.0227849319 0.237606317944 247236 2346133 1849661 3960533
-85.6860406762 -82.9301026399 0.0410139263882 242881 2347367 2006629 4134575
-86.4179225856 -82.8492535744 0.630303567733 238217 2349268 1485031 4289853
-87.4765129218 -82.7420785115 0.439519668466 232167 2349573 1436719 3790469
-88.4478198188 -82.6551527312 0.44871675683 228481 2347736 1651502 3735788
-89.2709317967 -82.5886364744 0.0397564469753 224688 2343235 1702706 3933593
-90.1140843573 -82.5266191385 0.376848835248 223617 2340889 1912593 3983034
-90.8566381473 -82.475870183 0.228220598627 223071 2339031 2042838 4183804
-91.5825385288 -82.4284021427 0.781664748773 221947 2339033 1531205 4311732
-92.6165535922 -82.362953001 0.434015624907 221173 2334251 1074015 3816451
-93.8723223266 -82.286507676 0.0468809198262 219564 2321768 783603 3358502
-95.3020702348 -82.2027318173 0.337752491084 224093 2319376 994082 3072027
-96.4236663906 -82.1354705881 0.0859751983801 226551 2328775 1499613 3272070
-97.2130185791 -82.0874408181 0.207385302399 230374 2334931 1948616 3758185
-97.8816326947 -82.0447556475 0.475865676232 230958 2338562 2097323 4203250
-98.5863994637 -81.9989308286 0.380367486687 228759 2341350 1766801 4363848
-99.4937830223 -81.940850276 0.28650481787 224998 2343670 1867423 4055425
-100.276853531 -81.895093135 0.153136068611 220696 2344432 1960979 4148588
-101.0343513 -81.8550996274 0.556082422428 216925 2345146 1864861 4241159
-101.861889594 -81.814399909 0.782653675259 212834 2348391 2202451 4154895
-102.507887151 -81.7852384537 0.70047248386 210706 2351233 2325413 4481659
-103.173949019 -81.7565854886 0.087034767991 208316 2352950 1911653 4609323
-104.057815728 -81.7187663443 0.0868448321277 207895 2354558 2116765 4219367
-104.757291764 -81.6900188081 0.757521425836 206121 2358469 2226774 4418844
-105.451986137 -81.6632419012 0.767372021782 204438 2360966 1839292 4529433
-106.356379971 -81.6301391274 0.0448651829277 202311 2363243 2090709 4159079
-107.054040469 -81.6062379558 0.542181411322 200964 2363620 2349443 4391968
-107.690551148 -81.5852468228 0.678113485353 199364 2365402 2036618 4644352
-108.520229781 -81.5590107379 0.154210744822 196962 2365675 1889045 4346195
-109.358865693 -81.5332836333 0.49822357582 195119 2363392 1633554 4201544
-110.305513006 -81.5050449783 0.692894588049 192581 2361337 1165243 3952138
-111.517355452 -81.469909802 0.276293376837 189171 2355134 1256857 3492220
-112.538319296 -81.4420296322 0.781938794837 185748 2354920 1754630 3579228
-113.261822999 -81.4235493179 0.104311966977 183590 2357691 1842179 4061622
-114.059559605 -81.4040076436 0.814038567026 182854 2362837 2497325 4155727
-114.583143482 -81.3911307342 0.042468008026 183611 2366840 2922369 4790562
-115.090160357 -81.378784326 0.571023871325 183071 2371119 3216045 5217518
-115.585959236 -81.366550156 0.242062055935 182576 2376128 2842106 5513390
-116.256608692 -81.3497632075 0.364389807842 183222 2382100 2958732 5159362
-116.823377934 -81.3356707514 0.414431187751 181901 2386955 1990748 5264892
-117.796717873 -81.3113856994 0.437651755822 180363 2392861 1587103 4330697
-118.800401292 -81.2881457578 0.768736940891 177548 2399748 1860710 3940067
-119.559204395 -81.2724530581 0.968225602848 177046 2404078 2382889 4205416
-120.140054991 -81.2613908709 3.44137427177e-06 175902 2407195 2829093 4717108
-120.663912638 -81.2517631996 0.172789524985 175275 2411092 2782177 5163195
-121.291706773 -81.240107582 0.577424875141 175224 2413549 2409269 5131295
-122.054233742 -81.2261775452 0.199622257081 174767 2413442 2405812 4771968
-122.747811831 -81.213752171 0.371815342495 172596 2414285 2377712 4766992
-123.451849944 -81.2018740064 0.464190810479 169643 2411983 2943911 4736762
-123.940734127 -81.1945115339 0.864834632 168345 2409912 2360735 5278711
-124.750615674 -81.1827549823 0.0738443869494 165443 2405399 1588520 4730613
-125.838782311 -81.1681149954 0.19860867846 161645 2397285 1662097 3977318
-126.715896377 -81.1578940759 0.523867756099 160014 2388276 1936266 4018752
-127.455097782 -81.1497986343 0.678519734947 157205 2383516 2383899 4288114
-128.054309447 -81.1438317217 0.184164994052 155955 2384391 0 0
