# log_X, log_likelihood, tiebreaker, accepts, tries, exceeds, visits
0 -1.79769313486e+308 0 2768260 2784259 1178924 2784259
-0.866453789324 -7427.26449018 0.404421099031 2481313 2725101 1637273 3855595
-1.72822727938 -5606.27399667 0.25535081508 2324237 2709579 1682945 4283702
-2.66476664101 -4338.82597116 0.494397708439 2184105 2701762 1739255 4325198
-3.57877532678 -3368.34779937 0.483838474435 2092987 2695083 1749231 4373041
-4.49786400247 -2692.47011599 0.704800338141 2012785 2693322 1655631 4378982
-5.47143926049 -2073.10074259 0.403131525698 1969066 2692861 1738191 4291643
-6.37852750789 -1560.78885006 0.664940414695 1920559 2692108 1641935 4365709
-7.35719675151 -1252.16213891 0.0929631057854 1859876 2691116 1633980 4274130
-8.32010467356 -1056.94733071 0.13340000201 1813124 2691629 1676913 4266122
-9.25614880932 -918.651232005 0.27076385374 1771261 2689378 1779878 4306980
-10.1437366053 -814.186853036 0.645513627277 1742601 2687817 1715721 4404308
-11.0884165307 -721.168989864 0.683793813821 1710715 2685163 1798570 4340894
-11.9734528478 -648.122269413 0.34988575724 1685168 2682990 1728404 4417672
-12.9139332438 -581.167425823 0.236956965607 1657242 2682059 1594624 4350961
-13.9175599698 -521.247336263 0.986559819871 1632107 2679403 1643300 4219103
-14.8624823365 -473.772780657 0.0368844485008 1607372 2675932 1725498 4261842
-15.7699418832 -434.879714078 0.909631669753 1589332 2674083 1767217 4344009
-16.6727006103 -400.496755507 0.248017627171 1573706 2669915 1879120 4382526
-17.5244800674 -371.483557816 0.343194226062 1557558 2665853 2103543 4486909
-18.2893768218 -347.853086989 0.109328913771 1545420 2662012 1952344 4701512
-19.1719494153 -322.757391599 0.716987799248 1534639 2658053 1989294 4555217
-20.0057438244 -300.949871987 0.17543616603 1524281 2654602 2100341 4584350
-20.7928834245 -282.073663665 0.0257269471335 1513629 2649259 2220257 4685600
-21.5470812338 -265.322745742 0.121596116128 1503940 2642614 1934526 4796250
-22.4578630859 -246.482688085 0.882709571216 1492753 2635461 1831575 4516273
-23.3635208442 -229.211932302 0.443015712329 1481330 2629734 1697905 4407117
-24.3189105158 -212.471398212 0.723829018783 1468940 2621446 1625603 4269109
-25.2856477721 -197.240313036 0.689536859344 1458412 2617130 1852853 4192508
-26.1083294848 -185.412891352 0.761225052546 1453612 2618181 1759191 4412246
-27.0305377073 -173.409212273 0.212057726308 1446134 2619090 1741283 4326488
-27.9437064386 -163.000860769 0.330503325991 1438866 2619389 1745894 4302176
-28.8488800308 -153.898690947 0.422249876847 1427561 2617804 1764720 4302057
-29.7436456668 -146.062328879 0.884968673426 1418400 2618697 1836104 4320229
-30.6040647398 -139.531599337 0.325715769037 1409650 2620410 1848221 4391129
-31.473815264 -133.766867974 0.0757042598021 1400078 2621874 1805104 4403626
-32.3691858856 -128.594084097 0.78293482215 1388922 2623351 1772900 4365163
-33.2735237997 -124.070661504 0.434896023965 1375837 2625534 1737952 4337517
-34.1910016535 -120.148670869 0.828511621273 1361509 2626029 1667085 4303655
-35.1411739038 -116.672012724 0.510333479024 1348016 2624947 1733865 4237111
-36.0383424958 -113.862470759 0.288154047401 1333091 2627010 1730032 4302594
-36.9524410686 -111.384914795 0.855862579164 1316667 2626643 1661125 4298979
-37.9050253039 -109.16895447 0.301042336647 1297168 2628038 1733968 4232820
-38.801159657 -107.374032437 0.565359971401 1278802 2627996 1706627 4300333
-39.7279262329 -105.758585543 0.437574450789 1260982 2629566 1716084 4275674
-40.6438022124 -104.372054815 0.341749661982 1240908 2630992 1702098 4285960
-41.5699094163 -103.140436917 0.910664681956 1222135 2633475 1659817 4275143
-42.5178924869 -102.025953171 0.45802574128 1200003 2635611 1784753 4237077
-43.3870522371 -101.118225607 0.592509945704 1181100 2637504 1650487 4359254
-44.3592758928 -100.209405515 0.169826770298 1161236 2640257 1731700 4233335
-45.2567938576 -99.4545918047 0.0491508495644 1140432 2641709 1773250 4312138
-46.1491486936 -98.7755097435 0.743112125256 1123662 2643294 1656091 4355680
-47.1173064584 -98.0989316999 0.242946598735 1105003 2644301 1533325 4243904
-48.1346976627 -97.4521143496 0.699053430907 1084735 2644080 1462272 4124577
-49.1702801849 -96.851133332 0.784995615303 1063968 2643347 1552915 4053317
-50.1311767361 -96.3398254575 0.0195309751755 1047350 2641972 1555142 4137316
-51.110441117 -95.8572019102 0.5526830456 1025142 2640869 1491186 4138327
-52.1303907739 -95.3901691941 0.28229457477 1004758 2640116 1550523 4075782
-53.0980932609 -94.9861470622 0.504493379246 980743 2640123 1547060 4130816
-54.0808654305 -94.6110973799 0.579582088663 954387 2639243 1531802 4127462
-55.072405944 -94.2726673214 0.2785913788 925730 2640941 1502811 4114384
-56.0792921361 -93.9641314367 0.180223240315 894520 2642981 1443954 4088750
-57.1185949376 -93.6771968835 0.594086794106 854412 2643922 1624647 4032908
-58.0310722091 -93.4495583744 0.359074231124 812203 2644599 1628297 4206885
-58.9820561943 -93.2308039318 0.443985826904 760204 2645587 1655290 4214485
-59.9189008465 -93.0265316316 0.107834845191 702322 2647814 1423647 4243135
-61.0075222932 -92.7891341579 0.0303878364715 623908 2649974 1522633 4021835
-61.9798903537 -92.5633487601 0.262990697881 550432 2654968 1571336 4116720
-62.944360624 -92.3121753358 0.0763292316584 497924 2660399 1648549 4169423
-63.8747881747 -92.0551919694 0.0679631250219 468446 2662847 1620879 4250040
-64.8400184652 -91.8000420686 0.558832877704 453503 2663971 1368674 4226748
-65.9627138168 -91.5351067832 0.607649692934 439278 2662638 1381472 3980973
-67.0187967516 -91.3141665418 0.241371525755 424414 2662115 1481890 3991536
-68.0100013855 -91.1312978465 0.553850090956 412964 2659884 1624015 4086321
-68.935518387 -90.9787979023 0.241219532833 401126 2659774 1485165 4224014
-69.9791092041 -90.8233434805 0.762717707024 390239 2661062 1614009 4093845
-70.9123633003 -90.6979086758 0.470698317874 381532 2661685 1814917 4218076
-71.7609555395 -90.5932209205 0.878874849977 375573 2663177 1816414 4415382
-72.6528483095 -90.4891808716 0.661068008077 368137 2664022 1848862 4420854
-73.5287754533 -90.3919573658 0.593276115214 360143 2664454 1940649 4453681
-74.3648376225 -90.3014132048 0.886677302914 355382 2664590 2114108 4542714
-75.1368012877 -90.2182207361 0.564895820334 350149 2663074 2016928 4710609
-75.9896260619 -90.1258920132 0.489270357254 345058 2663834 2023613 4619936
-76.8204352987 -90.0334297576 0.220295314176 339924 2663374 2161865 4626475
-77.5883138226 -89.9484831985 0.864997771118 334788 2662384 2284332 4759300
-78.3298782976 -89.8681260467 0.0328586540557 329765 2659775 2143590 4878769
-79.1574100765 -89.7797178188 0.995992656179 323181 2657057 2278473 4746533
-79.8988792001 -89.7036792801 0.300398368732 317471 2653628 2273612 4871747
-80.6676400603 -89.6269316429 0.477741672688 312507 2649056 2266372 4864935
-81.4381554468 -89.5521270988 0.65309699028 306584 2644191 2479986 4853540
-82.1184847847 -89.4885677794 0.151149469652 302742 2639496 2187720 5051095
-82.959812283 -89.4093252248 0.873358245684 296974 2635673 1827478 4766982
-83.9198861628 -89.3203113449 0.609157542227 293936 2634763 1852760 4409887
-84.7913734206 -89.240792269 0.120774406411 290634 2634232 1838294 4426396
-85.6740671665 -89.1611608174 0.22584542359 287292 2632379 1769066 4408450
-86.5900254705 -89.078083971 0.42240699978 284931 2633281 1473603 4341408
-87.6675727997 -88.9782138193 0.80455069372 280368 2634914 1459398 4061162
-88.6901293503 -88.8858623462 0.919669754923 273691 2633790 1660117 4044605
-89.5845349689 -88.8110415068 0.941931427739 271447 2633896 1609028 4241450
-90.5548978998 -88.7353829068 0.00531930291264 267470 2636658 1812000 4200624
-91.4010527602 -88.6734146102 0.55408821962 263663 2637566 2269981 4400957
-92.0730985191 -88.6278410024 0.212729445686 261772 2638877 2477897 4848446
-92.7532342875 -88.5836037871 0.074918157422 259578 2642391 2225327 5059962
-93.5796563306 -88.5320808791 0.46101644098 256599 2642424 1758064 4817755
-94.5874929468 -88.4727013669 0.664354262601 256073 2644154 1606412 4363323
-95.5867506378 -88.4177289855 0.272461563312 254618 2648592 1707745 4214991
-96.493556692 -88.3707624269 0.995760269098 253738 2652264 1844617 4314213
-97.3481474975 -88.3289750531 0.935942752796 253095 2653690 2142960 4450503
-98.0871058078 -88.2946911217 0.41665772004 254706 2655701 2496978 4741962
-98.7382475324 -88.2652314407 0.424060951651 255935 2657810 3050354 5092273
-99.2624022335 -88.2411723794 0.674994592672 257158 2658386 3308556 5631688
-99.8045604291 -88.2161892779 0.711710114792 258201 2658998 3632616 5893038
-100.29897043 -88.1932442065 0.957700300956 259083 2659579 3440315 6210784
-100.898067705 -88.1654010126 0.879601627744 259033 2660689 3465863 6033970
-101.461734161 -88.1389001852 0.818612353583 259350 2660518 3414148 6057934
-102.044046954 -88.1117780917 0.881393557537 260940 2659355 3476218 6000922
-102.599427889 -88.0853521697 0.945892709392 261160 2659740 3363519 6057306
-103.196327757 -88.0562645603 0.281320721394 261520 2659928 3551227 5951540
-103.722657977 -88.0309250457 0.584888725037 261816 2658714 4013862 6132910
-104.15764039 -88.0107519558 0.951516713476 260123 2657802 4251056 6585931
-104.605542637 -87.9899143315 0.497235171584 258164 2655146 3899301 6824948
-105.17342569 -87.9640830853 0.251855824479 255073 2651367 3743293 6486327
-105.731821027 -87.9400592242 0.55186732673 252565 2647986 3877041 6325611
-106.231152446 -87.9195945701 0.300884548481 250837 2647576 4304862 6452020
-106.646589789 -87.9032336353 0.984505836502 249353 2648004 3597055 6870165
-107.300374815 -87.8780776701 0.291279918131 245905 2648291 2736864 6190592
-108.120782644 -87.847865427 0.369529253744 243247 2647155 2792610 5345657
-108.778624534 -87.8253011761 0.320419760747 240886 2645291 2769351 5389099
-109.452520868 -87.80347827 0.112161021114 237503 2642866 2946960 5368290
-110.061738349 -87.7850308936 0.775860098895 234417 2639449 2896142 5537581
-110.718184178 -87.7660084118 0.328926393517 232678 2635714 2900066 5489236
-111.364778441 -87.7478974778 0.491692251663 230725 2636352 2808669 5492236
-112.043286938 -87.7297855989 0.572223658939 229101 2636226 2791951 5396923
-112.710631613 -87.7126840719 0.28136573743 227358 2637885 2349733 5382103
-113.543910302 -87.6921879126 0.498891385883 224004 2641344 2385861 4959833
-114.283016186 -87.6753176808 0.479245096343 221060 2643610 2885490 4994155
-114.842800669 -87.6636659961 0.859047206321 220537 2646956 2909537 5483686
-115.485215226 -87.6506813555 0.952125357192 218427 2650869 3676385 5531545
-115.90623763 -87.6429697918 0.837128683825 217924 2651719 4787145 6292523
-116.19240482 -87.6379699556 0.750003686243 217517 2651956 5881595 7382991
-116.431104425 -87.6338624934 0.694304149427 218092 2653051 6635713 8447287
-116.682300734 -87.6294786173 0.289807427075 217754 2652727 6951553 9205617
-116.97184676 -87.6243922238 0.348222160242 217548 2652619 6898060 9530066
-117.303116082 -87.6185419601 0.540527003741 217190 2652160 5755068 9482071
-117.808919145 -87.6094169468 0.716629726659 217114 2650988 5379170 8374695
-118.259548312 -87.6015358005 0.307005342886 215439 2650394 5900359 8006371
-118.574518785 -87.5964583166 0.772348358405 213170 2650677 6693122 8519430
-118.825523831 -87.5926048712 0.221906446698 212938 2651581 8034241 9312908
-118.982834267 -87.5902657475 0.561768305656 212892 2652397 9058529 10655083
-119.153494102 -87.5876741781 0.928150673957 212970 2652412 0 0
