# log_X, log_likelihood, tiebreaker, accepts, tries, exceeds, visits
0 -1.79769313486e+308 0 3944199 3966013 971223 3966013
-1.38788818903 -8888.98777246 0.44654658421 3616771 3683843 1834945 4638318
-2.31753850534 -3601.074112 0.626006919138 3461790 3682007 2103578 5458661
-3.27238043825 -2360.18383385 0.00272145283059 3234615 3680718 2047460 5724915
-4.29983897555 -1729.41415721 0.40205168441 3017127 3681130 2130986 5671752
-5.27931832684 -1305.6836621 0.238071262199 2871234 3680704 2180928 5752078
-6.24992492291 -1020.57911713 0.266287510545 2749380 3678738 2041509 5800045
-7.29290347632 -795.480345585 0.809566507837 2638459 3676459 2218864 5664219
-8.23173215359 -663.122433438 0.421169585231 2540415 3672679 2542724 5836597
-9.06675567237 -567.049756836 0.797925728467 2474790 3663843 2729708 6147634
-9.88293762671 -487.559248603 0.837460629738 2411611 3655875 2498584 6325903
-10.8135405733 -416.367899212 0.191501807102 2342381 3649544 2502528 6100411
-11.7072064285 -362.893223383 0.231541351125 2287817 3647032 2708808 6101304
-12.5235389853 -323.216554901 0.0678591271131 2242677 3646889 3042595 6300622
-13.2573247298 -292.972207233 0.855917213734 2208745 3648783 3086765 6627487
-14.0263353333 -265.445040744 0.483930878248 2172107 3650849 2831955 6672210
-14.8864087467 -239.370061376 0.544903223962 2128149 3652918 2404103 6423762
-15.8696449112 -214.85211661 0.912858392535 2078516 3658102 2457270 6007612
-16.7662042844 -196.958252598 0.118749018923 2033752 3658789 2614348 6055630
-17.6099479385 -182.899505365 0.866645569648 1992525 3658960 2378246 6205978
-18.5700926685 -169.441355403 0.44005434968 1952920 3656767 2239219 5976322
-19.552238901 -157.616841217 0.131205028132 1916832 3655528 2190860 5839805
-20.5331538443 -147.277626111 0.101288616404 1882974 3654254 2307710 5789542
-21.4550022928 -138.52021937 0.950639833589 1858402 3651425 2249009 5898728
-22.4201666111 -130.056491963 0.445783755189 1835090 3649688 2266173 5841288
-23.3683903199 -122.270635561 0.533903809442 1804642 3648094 2207111 5855792
-24.3447673301 -114.989979406 0.985690982414 1772709 3650288 2290721 5801225
-25.27578491 -108.943622971 0.300236525207 1737395 3653501 2224977 5884726
-26.2491056135 -103.567010473 0.449176630946 1698210 3653536 2046645 5821203
-27.2931858687 -98.7815578234 0.970797516642 1652921 3653053 2238730 5646857
-28.2203414424 -95.2870847839 0.60239475432 1615470 3653304 2187066 5830038
-29.2013150366 -92.1719278383 0.536079710406 1574317 3654125 1885115 5782001
-30.3186653113 -89.2085767131 0.945685698084 1530591 3653759 1987248 5487920
-31.3340180168 -86.9610557762 0.377116639906 1491825 3654646 1799003 5585016
-32.4629686342 -84.8730128242 0.582833205519 1443593 3656954 2000236 5407128
-33.4575787171 -83.3403174494 0.62407909572 1401411 3660344 2175881 5603633
-34.4050042983 -82.1000254207 0.909913126129 1362856 3661706 2261236 5779165
-35.3449454585 -81.0390962258 0.162660765819 1324652 3662496 2320187 5865369
-36.2742025051 -80.1322342832 0.0410035094343 1290312 3661581 2275627 5924071
-37.2320712824 -79.3222346784 0.0205132308974 1252446 3658329 2064633 5877679
-38.277042616 -78.5537868309 0.151361566033 1212450 3653979 2121830 5667615
-39.2600033048 -77.9276685464 0.998483812513 1179567 3652141 2018436 5718406
-40.3002347291 -77.346034379 0.0120316032408 1142105 3651319 2001515 5617573
-41.3313403965 -76.8426599691 0.0757879110221 1104312 3650479 2113755 5599261
-42.3062095946 -76.4310837283 0.940740806648 1068622 3651574 2045775 5710179
-43.3319607143 -76.0576946763 0.0298309241937 1028680 3651366 2192798 5645262
-44.2790415583 -75.7601378015 0.513706115286 993108 3653448 2297099 5790876
-45.2056093781 -75.5081015715 0.104579252288 962920 3656883 2594943 5897665
-46.0308898791 -75.3109129196 0.388102138805 934722 3657645 2524024 6188626
-46.9301929385 -75.1213505598 0.854846098575 907671 3659605 2614366 6125643
-47.7851342964 -74.9600153781 0.930933447904 884975 3662136 2630114 6216106
-48.648494092 -74.8120420992 0.560117613395 859538 3663481 2867559 6235627
-49.430270987 -74.6896314761 0.867919265599 838014 3663375 3070954 6466512
-50.1803127718 -74.5807986231 0.57463341684 815898 3663624 3202157 6667343
-50.9191454935 -74.4798184641 0.435988616003 794950 3665826 2966556 6797922
-51.7519357626 -74.3722020897 0.125535498271 767977 3667999 2468219 6569257
-52.7313304085 -74.2529551654 0.829281080067 733934 3668648 2295425 6076917
-53.7055713304 -74.140997041 0.745668265687 694723 3665092 1746308 5895351
-54.9159325747 -74.0037519971 0.217180388127 650859 3659935 1807244 5352333
-55.9990969903 -73.8755874765 0.488972968728 618204 3654205 2235045 5405402
-56.8853738466 -73.76462998 0.351543451117 600699 3654015 2635638 5828654
-57.6839708652 -73.662196507 0.994658672587 588169 3655937 2474098 6231147
-58.6094753506 -73.5490459125 0.70228744546 574208 3656373 2589190 6080772
-59.4667152278 -73.4515978859 0.477755816209 561812 3656706 2688387 6193101
-60.3050143425 -73.3643240588 0.493950756899 551241 3657589 3026842 6290921
-61.0423902749 -73.2938197498 0.978344706146 541264 3657182 3177664 6622018
-61.782101073 -73.2280031342 0.455942471293 530038 3655497 2418592 6769639
-62.8106857892 -73.1435696364 0.597328129872 516571 3655747 1998724 6028829
-63.9119313441 -73.062959783 0.122298461131 501983 3651603 2334746 5608157
-64.7914455159 -73.0057182215 0.309639794624 492267 3653300 2826645 5930076
-65.5383366131 -72.9606145965 0.466969199524 487017 3655246 3264813 6413272
-66.2201994032 -72.9211281226 0.574228702828 483134 3656539 3192069 6846485
-66.9880387318 -72.8783864893 0.0791455466958 479539 3659026 3166633 6782494
-67.7545571818 -72.8363107181 0.669002892718 480029 3663796 2928177 6761612
-68.594883474 -72.7894132862 0.61576682707 481058 3669293 1550614 6534589
-70.0204247007 -72.7018690066 0.0743629394545 477902 3674163 1934088 5195966
-71.0090164779 -72.6409339612 0.68130282669 471523 3675450 2391517 5565675
-71.8576884603 -72.5911543616 0.863221375391 462799 3671030 2784045 6011285
-72.6327072705 -72.5486169428 0.604616808131 455721 3668637 2950933 6392806
-73.4106717438 -72.5077082589 0.631459109872 448730 3665994 2916376 6555684
-74.2247461534 -72.4671773953 0.00715372352861 441768 3667155 2742575 6524712
-75.0944027444 -72.4264863836 0.254443060125 436921 3673904 2796451 6359425
-75.9199615752 -72.3898879297 0.400900952922 432923 3677897 2636457 6409459
-76.8108472812 -72.3511247635 0.441562462708 429905 3683706 2336364 6258291
-77.7965179299 -72.3075708017 0.832207958537 426884 3686726 2173950 5968179
-78.8061573545 -72.2622355627 0.627508552746 420664 3690885 2647798 5816755
-79.5982609411 -72.2275947356 0.992918882946 413342 3695083 2903678 6285098
-80.3754757359 -72.1954999557 0.42781313731 406236 3702057 3690363 6548294
-80.9571754384 -72.1729949818 0.853280115585 402382 3706213 4052866 7323016
-81.5558849359 -72.1510744306 0.400299411998 397384 3710137 4004744 7692945
-82.2146336416 -72.1279693758 0.420512119298 392343 3715270 5197477 7657022
-82.6113934239 -72.1148620593 0.483636877766 389349 3717124 4868631 8824078
-83.211948076 -72.0953715905 0.0399195462609 387320 3720924 4082929 8523388
-83.9521821443 -72.0724096619 0.112631375843 383713 3726143 4765500 7754700
-84.4471311605 -72.0579200371 0.16388911062 381230 3727724 3022760 8414539
-85.4704779262 -72.0284806554 0.890312130018 380828 3732830 1444272 6715206
-86.9910355613 -71.9845409563 0.999655560675 382541 3732813 1580184 5154229
-88.1673783974 -71.950462655 0.801857691055 385095 3737613 2482285 5275645
-88.9276675432 -71.9280118303 0.207932617554 382252 3744924 3139701 6160713
-89.6087167863 -71.9082060721 0.877421100966 377579 3751840 3133902 6825036
-90.3915476013 -71.8859972978 0.15515712759 371672 3757884 3233736 6834361
-91.1449163573 -71.8659658887 0.421348905098 365262 3761884 3108595 6936239
-91.9515058679 -71.8458219656 0.902400259921 358374 3765890 2696439 6820595
-92.8810954211 -71.8244496775 0.852161294632 348918 3767403 2471019 6416223
-93.8363716826 -71.8045403438 0.713188708681 342749 3770881 2708962 6194179
-94.6673772274 -71.7888428754 0.813263753989 335150 3775070 3053911 6425267
-95.4166350019 -71.7757592029 0.303775012914 330528 3775036 3469249 6763732
-96.0907518985 -71.7648109932 0.593321830495 325173 3776549 3494555 7173930
-96.8152921574 -71.7538020941 0.641733406969 320900 3780535 2153169 7207260
-98.0184852093 -71.7367451604 0.515815015622 314507 3784278 1858904 5901512
-99.1693348752 -71.7221299486 0.0750405178517 309315 3789440 1889724 5610655
-100.255046411 -71.7095656377 0.0809369069176 307258 3794906 2487476 5647461
-101.079481819 -71.7005458703 0.653251874136 305264 3801238 2754396 6239047
-101.901239964 -71.6918370599 0.238572167983 302903 3806806 3419055 6548314
-102.558072722 -71.6852190361 0.832583328545 301206 3812185 4564688 7199571
-103.022805555 -71.6808468132 0.778917323306 299375 3814454 5557913 8347570
-103.437906257 -71.6770360615 0.782935268412 297113 3818209 5665280 9344399
-103.944891279 -71.6724060856 0.393623991475 295137 3822435 5131653 9456149
-104.561439978 -71.6670155995 0.220215797403 291640 3824478 6340152 8924502
-104.9117669 -71.664206794 0.350787704448 289482 3826310 0 0
