# log_X, log_likelihood, tiebreaker, accepts, tries, exceeds, visits
0 -1.79769313486e+308 0 2534922 2549204 1014321 2549204
-0.925977370251 -6458.86926347 0.441262482441 2300932 2548849 1300672 3525842
-1.92333396661 -4740.16484409 0.319871616735 2128247 2547736 1544258 3797048
-2.82683746637 -3685.32375749 0.342229115428 2015732 2548156 1541971 4034150
-3.78998857311 -2785.32950201 0.218851261849 1927973 2546196 1608481 4032101
-4.71192624278 -2217.23147188 0.687935678437 1868884 2547670 1522176 4095284
-5.7020025909 -1574.40203736 0.972941495508 1811987 2543755 1596197 4009235
-6.62586609711 -1244.86667326 0.849023923776 1748818 2540725 1428070 4076545
-7.67292156577 -1020.95342827 0.653474913651 1693222 2536080 1582533 3911864
-8.58143622535 -886.639465663 0.139509342758 1656613 2532669 1696787 4052102
-9.4565075672 -782.76281098 0.341073501374 1627104 2531552 1546670 4163121
-10.4470266808 -684.846275112 0.270565331542 1599520 2527484 1562128 4017523
-11.3936854264 -607.655739302 0.121386761479 1573013 2525497 1567242 4029458
-12.3400470962 -543.589468651 0.925598924391 1550732 2524234 1463679 4033359
-13.3531753235 -485.667080381 0.765666511831 1525056 2521107 1426766 3933641
-14.3667797209 -437.473860259 0.775406012637 1506453 2521269 1735198 3896206
-15.1824689767 -404.045904442 0.0744790695583 1496282 2523659 1897582 4193296
-15.9821956815 -374.811061943 0.354626225266 1489378 2526216 1772185 4357209
-16.8851641467 -344.971407929 0.523094894138 1481183 2530107 1731596 4243441
-17.7850388653 -318.52975286 0.325900144529 1471304 2532491 1916252 4205951
-18.5781686628 -297.59533626 0.150220790394 1463772 2535042 1902304 4383929
-19.4183608467 -277.431664341 0.422474983119 1458097 2535333 2075128 4375240
-20.1721551802 -260.615186831 0.737670068905 1451805 2537823 2207162 4544124
-20.9024737419 -245.555990511 0.858408506215 1445993 2539753 1841291 4674291
-21.8362494776 -227.580231814 0.685172396931 1442570 2543218 1799468 4325894
-22.7174626279 -212.136060631 0.811197935833 1434203 2544003 1642343 4278418
-23.6764074676 -196.791136656 0.35340161397 1428739 2542797 1697114 4125466
-24.5685676569 -183.997728253 0.919228093405 1418873 2541439 1761764 4174905
-25.4360336282 -172.837901709 0.880006727521 1412824 2540604 1657771 4235466
-26.3762181937 -162.046849505 0.645434786022 1406165 2540710 1438608 4137027
-27.4303898704 -151.502210612 0.734436434736 1397087 2540250 1232181 3924630
-28.5822473578 -141.675593728 0.0912966368063 1383485 2535261 1139657 3719881
-29.7570591891 -133.306838091 0.718912910255 1370373 2532625 1087037 3626405
-30.9523953533 -126.227462982 0.971615540146 1359225 2531605 1278778 3574343
-31.9790750124 -121.156954031 0.251452917285 1348204 2531882 1569427 3754665
-32.8562200629 -117.432509564 0.0473414091012 1337313 2532445 1525650 4035280
-33.8298927997 -113.870343059 0.125161433031 1324048 2531534 1279124 3997022
-34.96359215 -110.412446833 0.438627100999 1305686 2529453 1237927 3756434
-36.0689370065 -107.60264821 0.619459084517 1289854 2527438 1252074 3711225
-37.1518097144 -105.261449053 0.174553839964 1272540 2523584 1272932 3721401
-38.2215150447 -103.280828773 0.216060969135 1256889 2519863 1354638 3738286
-39.2359910863 -101.629527614 0.0772738934693 1242604 2517866 1574458 3817681
-40.1260267067 -100.337447107 0.868218787454 1229825 2515387 1749373 4029359
-40.9661573769 -99.2360338982 0.663124551455 1219226 2512710 1655070 4199642
-41.8997301088 -98.1211653058 0.396945097232 1202672 2510719 1661677 4112099
-42.8091602724 -97.1485352206 0.0900968215626 1188287 2509639 1706027 4117505
-43.6943952677 -96.299216862 0.96469148836 1176089 2509402 1532585 4159996
-44.6930062827 -95.4364102789 0.84997869307 1161201 2512199 1500472 3995960
-45.6732828835 -94.6756649754 0.103860153278 1150113 2514089 1487366 3962426
-46.6538983381 -93.9817139505 0.190664759798 1134337 2516664 1540022 3949590
-47.5978915154 -93.3774259525 0.759825473104 1117959 2518892 1605260 4000211
-48.5141239791 -92.8464798402 0.235666068207 1102991 2520245 1408623 4063306
-49.5712192927 -92.2930297023 0.616016381524 1078960 2520507 1447083 3874430
-50.5566578072 -91.8341090098 0.162316269097 1056550 2522182 1449157 3909936
-51.5494857544 -91.4191440099 0.974983416135 1028492 2521443 1487714 3911706
-52.5174906159 -91.0579252812 0.229479590531 1000952 2522038 1492254 3949201
-53.4917337041 -90.730907404 0.181481455814 969176 2521785 1561749 3953945
-54.4232833362 -90.4464016105 0.203651590729 933110 2521356 1563010 4020183
-55.3700347102 -90.1818806649 0.259954867046 887322 2520540 1712297 4021862
-56.2290985867 -89.9601333962 0.579052058654 834973 2518405 1617798 4162994
-57.1762213725 -89.7286706715 0.456712243757 766851 2517190 1342495 4074391
-58.2820705118 -89.4678217745 0.222594320753 671136 2514674 1309425 3805983
-59.3462971663 -89.2107446276 0.938739593197 574754 2510376 1358296 3767411
-60.36563443 -88.9450859784 0.945733419188 497283 2505802 1184937 3808640
-61.5259712128 -88.6281262933 0.90620403378 457732 2501014 1394340 3637357
-62.4864887632 -88.3838255516 0.547867948974 441301 2498733 1553760 3832874
-63.3930972707 -88.1763917224 0.00229535399291 430266 2498142 1613669 3988454
-64.3014558958 -87.986706846 0.701561174579 418169 2499842 1684537 4050086
-65.1830530053 -87.8217624684 0.153992021273 405974 2499588 1650637 4118005
-66.100305163 -87.6653884413 0.540428176058 394990 2497306 1664327 4085597
-67.0019700865 -87.5256219601 0.0848661533574 383372 2496217 1590145 4096658
-67.950259584 -87.3896750528 0.186318033076 371164 2496979 1453481 4028488
-68.9689486413 -87.2525774902 0.60843842236 360789 2496323 1645328 3898307
-69.8365677101 -87.142412029 0.864617098696 351510 2494003 1940904 4083404
-70.5888063648 -87.0499139153 0.204225154315 345528 2495347 1750105 4376101
-71.5080866859 -86.9338252598 0.100794293939 337832 2495843 1453731 4204555
-72.5678049836 -86.7886784422 0.850184936659 332270 2499205 1719991 3929431
-73.4001715561 -86.669705039 0.0921901658576 329574 2504283 2237479 4191910
-74.0393386113 -86.5770227612 0.308166516333 327138 2508647 2304616 4691223
-74.7583404404 -86.4717082299 0.23910385754 322247 2510806 2061042 4756412
-75.599492866 -86.3555027348 0.622010013563 315208 2513780 2496181 4520680
-76.2047362186 -86.2796027662 0.0162448049479 310127 2516254 2334591 4930836
-76.9593610688 -86.1907140632 0.463217883801 304153 2518138 2476414 4789085
-77.6281542757 -86.1187647852 0.61452570287 299697 2521294 2428087 4928305
-78.3439511579 -86.0471861105 0.945468245972 294207 2523011 2162575 4887945
-79.1647173432 -85.9704328755 0.143800105236 287862 2525617 2190215 4636188
-79.9219346302 -85.906189166 0.36959216224 282936 2528497 2141759 4661568
-80.7062188673 -85.8443892657 0.874652770677 279957 2530664 2170486 4617186
-81.4682783044 -85.788126466 0.892317422917 274906 2534242 2235483 4648526
-82.2081321649 -85.7372042553 0.527084134846 270502 2536702 2347241 4711920
-82.9135135411 -85.6921067549 0.775022275452 268705 2539542 2160773 4822840
-83.7221053903 -85.64280815 0.635127805499 265531 2544014 2354984 4650962
-84.4116769839 -85.6034494709 0.873760759328 263911 2546902 2288293 4839021
-85.1676339262 -85.5614804684 0.810039352328 261674 2545889 2063703 4774172
-86.0111387456 -85.5164699611 0.847453995087 261873 2545247 2365154 4551689
-86.6756458983 -85.4824236278 0.68230064636 261887 2541190 2484798 4839299
-87.3512355416 -85.4474675337 0.630130327563 262597 2537547 2543154 4954134
-88.026855366 -85.4121968663 0.638959058384 265151 2536575 2990945 5007397
-88.5540089613 -85.3835939312 0.376455003632 266164 2533998 3104086 5436860
-89.1245928802 -85.3517207184 0.831147687963 266953 2534219 2710189 5553172
-89.8487834528 -85.3087959593 0.698717531536 266927 2535359 2571343 5178417
-90.5565617465 -85.2671065108 0.777168416423 266244 2536456 2903478 5043532
-91.1197919724 -85.2350067412 0.122729630368 265063 2538512 3694886 5368139
-91.5067322857 -85.2138258637 0.270180034681 265747 2538512 3248158 6136162
-92.1505356197 -85.1785547342 0.924151770505 265344 2539202 2245854 5715496
-93.0863492358 -85.1271263613 0.381981929475 264044 2538893 1832538 4731950
-94.0366049 -85.075719914 0.237019448102 263754 2535976 1521354 4314456
-95.0774465299 -85.0205818678 0.537263992641 259050 2527563 1424512 3997054
-96.1079488857 -84.9683835467 0.866870952979 255160 2526117 1586824 3896810
-97.0101459616 -84.9246154818 0.186447760454 253066 2525498 1419713 4049225
-98.0563678003 -84.8739378013 0.0396437819183 250190 2527751 1504342 3896730
-99.0099872127 -84.8294334129 0.506382857063 244957 2530279 1586883 3980022
-99.9324619276 -84.7880794633 0.215867599066 241034 2529192 1448349 4062031
-100.962531795 -84.7434291352 0.912647890334 237822 2529869 1556725 3935973
-101.892807503 -84.7050180888 0.469537042575 235886 2533427 1436462 4040061
-102.925579476 -84.663516826 0.168877380711 230810 2536797 1735226 3932850
-103.750250781 -84.6339429372 0.114622761305 227037 2540579 2105000 4227390
-104.456981979 -84.6106157727 0.0180379526094 224044 2541788 2571259 4587472
-105.047431301 -84.5927100345 0.146142277961 222458 2543193 2742632 5041451
-105.666101514 -84.57480092 0.891161983143 220140 2546294 2872968 5222287
-106.273474678 -84.5575822838 0.328430461144 216531 2546397 3572410 5360007
-106.692120444 -84.5466727062 0.73569432564 214630 2547217 4072338 6039826
-107.097937701 -84.5364506705 0.581697442843 212266 2545985 3960297 6538097
-107.608579775 -84.5239760096 0.561332029448 210525 2544442 3791908 6436451
-108.146732944 -84.5114713901 0.782878083378 209244 2540399 3345952 6267365
-108.78201794 -84.4972848303 0.17822220286 204685 2536923 3006623 5830816
-109.451951643 -84.4835149903 0.787632060989 202523 2534034 3374140 5496413
-109.951175438 -84.4739597238 0.448568630235 201115 2533231 4227799 5855712
-110.289890571 -84.4679641848 0.976895560686 198970 2532693 4698697 6690570
-110.654358415 -84.4616591489 0.37806349922 198120 2533843 4408382 7168169
-111.149210604 -84.4532787342 0.0578408988098 197022 2535047 5088658 6901451
-111.46521397 -84.4483147343 0.811450280832 195920 2537387 5738725 7562086
-111.751732282 -84.4439408429 0.780080760797 195963 2538768 6019122 8205375
-112.071049217 -84.4390618542 0.168419135609 194805 2541453 6198381 8497577
-112.395637606 -84.434210288 0.726447936795 193911 2544543 6285328 8693268
-112.728781295 -84.42929091 0.688898425464 193961 2546914 6794709 8810370
-112.997829489 -84.4254951579 0.853892827491 193411 2549686 7263441 9314949
-113.25545177 -84.4219525281 0.491548702206 193157 2551307 8122106 9783664
-113.450472082 -84.4193182267 0.963968533439 192598 2552462 8951322 10636594
-113.631249701 -84.4169386516 0.119314692392 192322 2554749 8889404 11426174
-113.889517267 -84.413500897 0.312775871209 190672 2557274 9146356 11397330
-114.116978906 -84.4105260593 0.603181567545 191416 2559553 9365316 11666851
-114.343987081 -84.4076037951 0.724340950198 189952 2562150 10082359 11903527
-114.517477427 -84.4054323312 0.285464825571 188953 2563649 10490460 12614312
-114.708770313 -84.4030929435 0.678998507732 189072 2565677 10958894 13024372
-114.88821434 -84.4009706311 0.0963123512202 188078 2567835 11877837 13495119
-115.022631271 -84.3994441037 0.0358909224257 187222 2569554 11725085 14415568
-115.235169341 -84.3970055095 0.914839385698 186882 2571919 12057488 14265351
-115.409527288 -84.3950627649 0.814472578789 186144 2573665 12810544 14599502
-115.546487684 -84.3936285902 0.466478093343 185842 2575788 0 0
