# log_X, log_likelihood, tiebreaker, accepts, tries, exceeds, visits
0 -1.79769313486e+308 0 3505645 3525753 806394 3525753
-1.44949671234 -8272.52453754 0.475253158226 3447505 3534619 1712334 4317337
-2.37684133022 -4067.25338269 0.667885152151 3245844 3532747 2012368 5185911
-3.32501346029 -2760.28475256 0.0636580731486 3044785 3534423 2216675 5488533
-4.23416481151 -2070.0540147 0.302034917679 2879401 3536538 2036739 5691914
-5.26110263263 -1552.61451337 0.518317942315 2721261 3536502 2161846 5519309
-6.20008705265 -1200.31298756 0.105101973832 2612997 3536595 2169467 5642930
-7.15718496048 -943.152686442 0.102613461894 2522293 3538928 2389444 5654869
-8.02216640115 -771.283171171 0.137396660496 2445012 3542114 2392927 5872401
-8.9224643882 -641.272489759 0.0619326957291 2371732 3545199 2338041 5881603
-9.84693409078 -537.058395374 0.710040111043 2308589 3547781 2258507 5830982
-10.7967420763 -455.108063579 0.256779685883 2247627 3550348 2247679 5756244
-11.7386774311 -392.377115447 0.0848306258538 2192299 3554100 2595100 5749227
-12.5390815458 -349.782525072 0.481477498507 2149599 3557643 2509410 6091295
-13.4286058186 -310.492159972 0.67039417214 2105573 3559543 2400972 6014096
-14.3488515208 -276.369181391 0.636268170422 2061624 3561044 2263279 5910271
-15.3097538015 -246.506855567 0.791022430274 2016574 3561609 2206169 5774728
-16.272975641 -222.062875502 0.431075638624 1971982 3561899 2205735 5715131
-17.2262931007 -202.35717714 0.0812240682914 1928422 3561579 2185964 5710364
-18.1875700951 -186.040558264 0.42753160537 1887048 3561819 2229710 5688569
-19.1258203115 -172.74230269 0.979223862123 1847558 3559875 2338733 5726982
-20.0240671585 -161.867482239 0.398326744747 1816516 3560810 2146598 5834636
-21.0239966864 -151.24980738 0.748816505645 1786076 3562541 2014494 5652070
-22.0547756958 -141.427918103 0.919651435364 1762339 3564081 2079811 5523507
-23.0321518001 -132.952353519 0.924009029964 1741758 3565435 2118671 5588411
-24.0028738048 -125.069583393 0.963516164358 1719905 3564037 2105315 5624663
-24.9860389091 -117.675467993 0.879669434584 1694390 3566472 1995541 5613947
-26.0194212379 -110.796849716 0.126602358763 1657542 3568011 2269804 5510941
-26.9094466312 -105.795657032 0.0664320461491 1624726 3571069 2406168 5781224
-27.7891223419 -101.566620411 0.127823847482 1597452 3574121 2378820 5921154
-28.7032442273 -97.7918116598 0.271426913618 1564182 3576700 2478357 5898942
-29.5736734843 -94.7231822578 0.601749256429 1532869 3578980 2402443 5995730
-30.4903411565 -91.9261171406 0.45005329266 1499521 3581587 2697329 5924627
-31.2821991196 -89.8464992724 0.0196174387245 1472517 3585136 2351460 6214390
-32.2547196823 -87.6271839936 0.511905212111 1435212 3588724 2140412 5885276
-33.2658736044 -85.6609963227 0.606070954521 1396797 3590040 2218724 5679291
-34.2073490758 -84.1042341176 0.840938353725 1361957 3591793 2406301 5753439
-35.0822817097 -82.8567345008 0.915289020634 1329868 3592662 2587578 5937726
-35.9169356085 -81.8159764328 0.59398725927 1300464 3592517 2749791 6113912
-36.7205775189 -80.9318789658 0.243711109999 1270106 3590821 2767652 6272532
-37.5428542982 -80.125078772 0.330822841695 1239188 3590108 2792604 6290921
-38.359195334 -79.41495678 0.17355769002 1208757 3587115 2700298 6313303
-39.2119160825 -78.7557356477 0.707326596337 1178042 3582948 2457197 6219983
-40.142368368 -78.1198126411 0.645734397033 1141377 3579403 2505208 5978188
-41.0152659225 -77.5975979829 0.410576645444 1108338 3576475 2463867 6019556
-41.911141409 -77.1258983512 0.627646413442 1074683 3574624 2249847 5977841
-42.8889197689 -76.6748685067 0.739764272141 1038805 3572367 2290212 5767251
-43.8144367892 -76.3024460626 0.354966015664 1002976 3569155 2268859 5801853
-44.7549107135 -75.9718486187 0.163502933554 968692 3565689 2508109 5778690
-45.5936258519 -75.7133337604 0.736385271061 939786 3564038 2571582 6010499
-46.4462114824 -75.477555642 0.753085296475 912751 3561764 2317583 6074240
-47.4106524566 -75.2399704528 0.262653686002 880288 3558166 2388437 5824419
-48.3047956011 -75.0445321323 0.462634148218 854317 3552212 2603773 5886727
-49.1249456159 -74.8815634318 0.663422172231 831438 3546653 2533196 6092748
-50.0054810225 -74.7192709272 0.0508569782963 807363 3543635 2431357 6021989
-50.9147244631 -74.5643942424 0.732959041151 779856 3539947 2148007 5916684
-51.9276134592 -74.4066065146 0.901470224365 746408 3535485 1956349 5631530
-52.9833053601 -74.2563369869 0.905753603936 707755 3532576 2075546 5436542
-53.9472536071 -74.129675056 0.641145796762 674750 3530514 1922124 5546927
-55.0053600395 -73.9975862201 0.773138766864 635573 3527877 1643749 5396811
-56.1882903867 -73.8483476421 0.607245983841 594700 3520992 2010092 5121802
-57.1254934263 -73.7262926198 0.200088163957 572686 3515447 2565482 5471496
-57.888967502 -73.6210096956 0.353895841395 557669 3507855 2836261 6011244
-58.6457747762 -73.5163775669 0.698761609901 544973 3502985 2505022 6275987
-59.5661347474 -73.3945507278 0.481977284445 530665 3502981 2197919 5954862
-60.5629170671 -73.2737150462 0.915906547683 513209 3504434 2223749 5653130
-61.4976963251 -73.1721387895 0.606003912192 498377 3508911 2410630 5678845
-62.3581753019 -73.0878670192 0.0708041993526 487839 3514885 2397384 5864674
-63.2553744296 -73.0074125717 0.989574673025 476212 3521461 1864835 5861022
-64.3964307327 -72.9143389605 0.897895291244 461289 3528833 1674848 5350445
-65.5528712252 -72.8301860379 0.247101951174 452127 3536422 1801553 5169799
-66.60540496 -72.7606948101 0.0265018878514 442833 3544111 2139080 5300515
-67.5153974405 -72.7044251986 0.0761319348114 438021 3551617 2073216 5637734
-68.5157682266 -72.6444416116 0.134724165142 434516 3560785 2108006 5588201
-69.4913650369 -72.5874468409 0.337085102985 431664 3567620 2202812 5629849
-70.4313475863 -72.5328248216 0.0133889543872 428862 3573727 2923456 5730277
-71.1118625792 -72.4930174008 0.177158018954 426602 3577316 1750668 6430341
-72.4044985748 -72.414215977 0.834619591202 423967 3580359 2489556 5298448
-73.1661174812 -72.3691241744 0.12176360349 420706 3581730 2705437 6006142
-73.9683493149 -72.3222380344 0.92679999439 415244 3583796 2991644 6232310
-74.7080703135 -72.2812693782 0.0951774621148 408751 3582565 3535275 6515460
-75.3271153277 -72.2487656292 0.750624984012 403195 3584635 3397552 7053705
-76.0628059955 -72.2115795772 0.780020233447 398632 3583356 3972197 6928392
-76.6271416908 -72.1844386539 0.0378485012217 394914 3583339 4636813 7487956
-77.1148395994 -72.1618094064 0.680144979611 394405 3584705 5146431 8143318
-77.5817251351 -72.1406191924 0.960842771404 391726 3585748 4827622 8649190
-78.1709757093 -72.1142449413 0.635324583139 389024 3587026 3471946 8343710
-79.049926574 -72.076320149 0.672570887732 384830 3589855 3457180 7012348
-79.762758418 -72.0479268346 0.352866373656 380261 3590315 2999215 6985176
-80.6113728947 -72.0156855145 0.0683328292741 377334 3593121 2912887 6542096
-81.4245950035 -71.9861898549 0.0117232897047 375717 3596012 2848809 6455675
-82.2466383631 -71.9572341919 0.0878036223368 373057 3601004 2604339 6396561
-83.147549141 -71.9264964903 0.0508690232464 372262 3607730 2854785 6164532
-83.9225199383 -71.9007440969 0.210296046695 374394 3614483 2874445 6417464
-84.7299889387 -71.8732282125 0.858128063795 377724 3621772 3838031 6453241
-85.2587763295 -71.8550539044 0.425838003726 377825 3626296 4588532 7402713
-85.7455998008 -71.8382326297 0.915613703809 377363 3631044 4476090 8157391
-86.3520603971 -71.8164812776 0.625615891569 377008 3634843 3994208 8065525
-87.0597700762 -71.7908584099 0.218354493231 373331 3637725 4524766 7589716
-87.5848436694 -71.772567502 0.328700508122 369994 3639133 4756644 8092917
-88.1234850176 -71.7544126133 0.245222939243 366045 3638538 4585651 8321418
-88.7256033895 -71.7350256815 0.269167722066 360111 3638178 2287708 8156768
-89.9909919276 -71.6966962073 0.702370621752 352746 3630228 1421029 5891262
-91.3994485147 -71.6583197792 0.811228791151 344038 3619240 1600837 5011900
-92.5361065835 -71.6306926686 0.988693981607 337520 3601160 2052765 5154270
-93.4590177643 -71.6098325549 0.780136467433 335267 3585040 2387838 5581262
-94.3119121976 -71.5909450383 0.41807049401 329943 3574891 2825452 5911497
-95.0561606134 -71.5755984979 0.176262860986 325459 3564166 3612780 6340142
-95.627244756 -71.5645834048 0.877911523453 324451 3557552 2882192 7107260
-96.5318328736 -71.5474628513 0.178536600566 324256 3553264 3422273 6415008
-97.1676630461 -71.5358931188 0.206340121685 324560 3550872 3249503 6938083
-97.9309780424 -71.5220867774 0.224228735723 322136 3550167 3106745 6772635
-98.7148206861 -71.5084228054 0.40322196347 321551 3551126 3600063 6625988
-99.3324231793 -71.4978897612 0.00505523539306 321308 3557029 3322763 7125598
-100.099912986 -71.4848480216 0.720248337443 321815 3566989 2992388 6858034
-100.932803808 -71.4708662054 0.975437738372 323296 3577702 3335381 6538381
-101.612512073 -71.4594377347 0.310420952921 324854 3586626 3748447 6890325
-102.228578151 -71.4492710191 0.591493173507 324187 3592656 3448507 7309450
-102.984478985 -71.4367784192 0.746661891361 322131 3598917 3281752 7015740
-103.748975461 -71.424396579 0.856216934868 318372 3605690 0 0
