# log_X, log_likelihood, tiebreaker, accepts, tries, exceeds, visits
0 -1.79769313486e+308 0 3737296 3758488 1122169 3758488
-1.19942544702 -9262.810357 0.185549827154 3717691 3785566 1907096 4881852
-2.14119874921 -3741.68965445 0.855886390118 3555325 3784703 2161757 5638587
-3.10101479354 -2438.24516627 0.728418290052 3335986 3785594 2317394 5887084
-4.03504544706 -1812.26136751 0.970474180633 3132081 3785336 2362353 6041180
-4.97549850467 -1366.75119756 0.902469504979 2979868 3786920 2367830 6086676
-5.92100348373 -1062.08192883 0.056968350099 2857475 3788292 2385743 6094029
-6.86032858857 -840.630060467 0.202613399902 2756422 3789313 2409573 6111415
-7.7927271029 -692.073096414 0.262986899762 2650564 3789064 2521984 6138361
-8.68486915796 -587.15344352 0.930701747302 2576221 3788832 2738252 6251931
-9.51439579396 -502.56765279 0.0542911661855 2516311 3791388 2479946 6469443
-10.4742111995 -425.105983773 0.960933636987 2448271 3793430 2311289 6225202
-11.4652385632 -364.187583934 0.403055368589 2391607 3796835 2577915 6065443
-12.3242864681 -322.157958481 0.466233301432 2347978 3802338 2836582 6330944
-13.1315054469 -288.681077014 0.0437524116868 2310999 3807006 2631039 6589911
-14.0515093631 -256.229776759 0.165445604813 2265389 3810067 2631023 6393657
-14.94200475 -230.184064482 0.860150145532 2217980 3814112 3188729 6394253
-15.6441316399 -213.038410622 0.723636798378 2182590 3816654 3206031 6938289
-16.4207055843 -196.938877398 0.45513591867 2142010 3816660 3297197 6956936
-17.1723575858 -183.769922346 0.899855426455 2102341 3815882 2947952 7044927
-18.0462110259 -170.810328416 0.120340664817 2059323 3815152 2467845 6700764
-19.0451131663 -158.376639909 0.619371272529 2015843 3815495 2629252 6227222
-19.9105360455 -148.98949854 0.645395887316 1988135 3815437 2558280 6379636
-20.8263118542 -139.985913772 0.895148484817 1959033 3814994 2568814 6311664
-21.7276183992 -131.947608986 0.621206701207 1935469 3815107 2459740 6318835
-22.6724399999 -124.068901513 0.0652630973214 1908904 3816906 2014324 6214636
-23.7957198957 -115.368327478 0.197722140423 1877082 3821869 2077557 5784860
-24.8191239334 -108.49738396 0.736459332187 1832696 3821648 1952644 5842642
-25.9124713425 -102.461321587 0.0673555626459 1783631 3819768 1911266 5719963
-27.0059553986 -97.6021773216 0.190548657587 1735091 3818667 2002885 5678816
-28.0469439007 -93.8381616934 0.240635077149 1692466 3818297 2198434 5767886
-29.0124336941 -90.9253270774 0.947811604288 1652635 3820326 2375884 5961522
-29.9343793971 -88.5604626986 0.592210983551 1617324 3821336 2607167 6137033
-30.7938290586 -86.6548947482 0.56349809866 1579292 3820068 2779569 6362087
-31.6257277261 -85.0562629886 0.874703398321 1548433 3821592 2578361 6534971
-32.5573397618 -83.5025803481 0.0647626074401 1508306 3826897 2751759 6346551
-33.3967012415 -82.3021986187 0.14892202682 1475578 3830824 2495205 6517156
-34.3576960932 -81.1180401795 0.328001905997 1434027 3835054 2361531 6273007
-35.3352022583 -80.0873031944 0.712562582157 1393165 3838893 2398412 6144054
-36.2773262636 -79.2376485976 0.728068533318 1356737 3843344 2572854 6183110
-37.1570261136 -78.550985237 0.575023824043 1321715 3845252 2669301 6354951
-38.0274625885 -77.9525791231 0.597748405654 1288433 3849166 2566520 6454145
-38.9514263189 -77.3957024686 0.253857341174 1248665 3848168 2522744 6354241
-39.8769850551 -76.9113607133 0.574526231199 1209967 3849342 2544089 6312448
-40.7878692903 -76.4962600315 0.438443444771 1170191 3850436 2653531 6334742
-41.6609968011 -76.1528711947 0.44703664329 1132676 3848047 2361102 6439592
-42.6642534315 -75.8121669101 0.0777886045266 1086755 3845594 2356579 6155337
-43.6253418022 -75.5325150551 0.401910273656 1048600 3842945 2421683 6147318
-44.558555246 -75.2949762917 0.580938755811 1010550 3840093 2217063 6209368
-45.5876782538 -75.063898619 0.962338448381 974513 3839679 2306468 6012190
-46.5468027252 -74.8739805867 0.317528331591 941970 3839232 2405439 6097523
-47.4786596063 -74.7076015723 0.0340241504826 910593 3837808 2615111 6193863
-48.3441202959 -74.567145499 0.138641496214 884159 3836703 2430517 6395553
-49.312391019 -74.4228998404 0.148079855338 851792 3839833 2263947 6216909
-50.3223007892 -74.2861033518 0.74475831921 816319 3842740 2201865 6050715
-51.3328941784 -74.1611552685 0.223901083226 776880 3848121 2083636 5990473
-52.3874685406 -74.0411207617 0.915828458942 740801 3853659 1984782 5878993
-53.4709991803 -73.9229509807 0.171991370481 703592 3856487 2272005 5784580
-54.4072196985 -73.8201325899 0.262397218721 674838 3857398 3052308 6068293
-55.1012436848 -73.7405469512 0.0860373097272 660570 3856990 3690747 6834870
-55.7246848319 -73.6656106135 0.241998155735 648093 3855753 4135348 7469808
-56.3229609926 -73.5916424042 0.67296706502 636378 3851860 3541233 7909672
-57.1300729317 -73.4927733192 0.708441245952 618944 3850309 2366310 7331377
-58.2579580022 -73.3661055586 0.26578674883 598210 3852711 1747446 6174551
-59.5127791213 -73.2419345647 0.229132843273 572513 3856395 2029680 5563388
-60.5208771423 -73.1556432993 0.883418055029 554183 3859415 1985205 5835986
-61.597051477 -73.0740437744 0.0506769327278 534786 3862965 1710929 5797833
-62.8109731138 -72.9925705155 0.91041365118 518195 3867633 1598911 5534901
-64.045157401 -72.919041015 0.537253534488 502756 3871904 1818189 5428800
-65.1362529562 -72.8598397594 0.754437495358 493078 3874081 2008420 5643506
-66.1684917497 -72.8073121049 0.756233926134 485584 3875605 1915222 5832745
-67.2789742632 -72.7531788559 0.181629957649 481646 3879241 2316674 5750977
-68.1905358198 -72.7098098535 0.756385645982 480149 3882034 2861439 6147860
-68.9605845873 -72.6736295654 0.527279968334 476686 3884359 3644738 6687756
-69.5751124743 -72.645119533 0.337357384594 475342 3887528 4205779 7461046
-70.1555835599 -72.6182734975 0.259693776662 475013 3888124 4518775 8019025
-70.7358947864 -72.5907626484 0.0789234471409 474207 3891055 4053128 8333624
-71.4612504117 -72.5556601858 0.961884812314 472325 3892490 3528601 7879657
-72.268150708 -72.5163529683 0.100939792909 468012 3894538 2189199 7361040
-73.4758455555 -72.458223138 0.516978266929 460882 3904128 2255166 6054557
-74.4637471756 -72.4132628691 0.113224254205 454701 3911138 2247383 6116541
-75.4649464672 -72.3695728269 0.398121540549 448561 3922959 2544131 6120687
-76.3457306295 -72.3338686424 0.416272908784 443346 3932967 2380517 6416633
-77.3375082221 -72.2952918941 0.38975249784 438507 3944901 2040836 6273267
-78.4572351139 -72.2531494473 0.898155697183 429951 3954539 1653846 5952068
-79.7295219182 -72.2079449313 0.0872990834714 421769 3952122 2055932 5570303
-80.72633248 -72.1744314172 0.508928619079 416087 3952430 2361337 5957195
-81.6535652528 -72.1433469297 0.428011529052 414278 3954546 2790584 6256895
-82.4653250131 -72.1161996155 0.00337909344487 411200 3955286 3314778 6680058
-83.172059203 -72.092948105 0.317605111232 408415 3954981 3291290 7199783
-83.9590351249 -72.0672577249 0.222768715343 403676 3952338 3497775 7185592
-84.6842587359 -72.0445348983 0.206596809529 399884 3950980 4361290 7391021
-85.2196748609 -72.0285358828 0.733120453254 398744 3954554 4422365 8239670
-85.8479009206 -72.010103848 0.832185934724 394482 3957978 4763334 8313850
-86.4115779703 -71.9941663689 0.806637889672 392507 3961468 4610776 8650563
-87.0463825098 -71.9767615839 0.690949051915 388851 3963772 4862389 8508973
-87.6124937075 -71.9619967823 0.254864591289 386847 3964975 5961106 8755433
-88.0050994411 -71.9521462766 0.894623382511 384734 3965992 6269140 9834132
-88.4620340976 -71.9409355255 0.209450917292 383324 3966836 5202401 10148523
-89.1345831423 -71.9247923289 0.0736447141963 381226 3968206 5012080 9098085
-89.7364870834 -71.9109729726 0.818217035005 378500 3969128 2620168 8895263
-90.9544296559 -71.8834736789 0.831902104379 379270 3967842 1590468 6540790
-92.3564260546 -71.8517071063 0.623279970718 383971 3965860 1877736 5522097
-93.4328406211 -71.8265178455 0.891586814094 383596 3969274 2524507 5807142
-94.2699673138 -71.8070180173 0.653434276082 382546 3972235 2802475 6448791
-95.1070365686 -71.787800959 0.252393699836 378732 3971851 2942129 6729625
-95.9380685067 -71.7693525374 0.628326757759 372729 3972681 3031552 6868624
-96.7597109575 -71.7521359042 0.620806160914 366768 3966772 3611978 6950640
-97.4208067586 -71.7392284028 0.277035114702 360211 3964146 3274329 7518032
-98.2552027972 -71.723899583 0.526787155908 353847 3950412 3449753 7181114
-98.993413188 -71.7112446794 0.228315344908 348085 3935600 2618467 7329908
-100.022157875 -71.6945932664 0.704020660339 338700 3910680 2343023 6483616
-101.039565948 -71.6794632831 0.149525631834 330012 3887335 1855426 6174382
-102.236277884 -71.6633691686 0.616315860996 319728 3853268 1724328 5665934
-103.420259465 -71.6491368412 0.79699294727 308858 3811791 1349637 5515335
-104.814025806 -71.6340529336 0.662136078745 295104 3744994 1145531 5063780
-106.281487698 -71.6201007395 0.657441007158 282975 3691576 1612658 4805404
-107.37028503 -71.6112417416 0.324147031972 269614 3583264 1933936 5164331
-108.353027002 -71.6038175278 0.786412620884 259019 3480974 1755448 5383172
-109.469931598 -71.5959900567 0.327796101098 248086 3416663 0 0
