# log_X, log_likelihood, tiebreaker, accepts, tries, exceeds, visits
0 -1.79769313486e+308 0 3003511 3020669 1890124 3020669
-0.489545771808 -11289.3817445 0.335242830106 2857507 2986388 2163507 4856630
-1.30366719498 -7773.75559204 0.324682683337 2703497 2972301 2271264 5107764
-2.11929107181 -6050.59136338 0.356999558202 2573306 2970715 2343214 5191969
-2.92035917019 -4921.6438226 0.383938324295 2454888 2971455 2295317 5250665
-3.75248577915 -4016.01454451 0.121896263418 2349782 2971617 2357247 5201485
-4.5495042483 -3281.17967021 0.393156246661 2275943 2971316 2229995 5260028
-5.41150834965 -2682.87802609 0.408360097204 2205528 2971935 1996437 5138146
-6.35842617588 -2131.57359466 0.285849938535 2151825 2973027 2071763 4907694
-7.22485073866 -1653.34078044 0.676710202513 2107564 2972666 2060732 4983310
-8.11128423946 -1342.82907565 0.227254448835 2045097 2971074 1961569 4973705
-9.04377764865 -1131.08811455 0.706764211093 1989435 2971365 2016089 4875271
-9.93026786521 -984.548759932 0.912672657302 1948246 2972436 2080189 4925411
-10.7962355011 -871.422969295 0.915121665439 1913920 2972163 2110363 4987853
-11.6603993096 -777.19828049 0.0019512479056 1884391 2972521 1837203 5018793
-12.6651930721 -685.31869793 0.793109801722 1856856 2974434 1807393 4756286
-13.6338015196 -610.918317263 0.138631635159 1828108 2974716 1894005 4724004
-14.5504381028 -551.449057441 0.864067616419 1804034 2976306 2079537 4809301
-15.3936053533 -505.175309487 0.00971067527599 1784187 2977266 1867647 4989431
-16.3767765736 -458.358904992 0.807943543214 1762789 2977508 1560321 4787403
-17.4937657963 -413.700814705 0.114752061334 1736559 2974215 1579872 4485080
-18.5356685695 -377.766025403 0.831406948302 1719865 2971033 1458812 4498412
-19.6572174892 -343.592625743 0.145781705348 1703289 2968973 1519392 4380440
-20.7139473152 -315.341530736 0.303348703579 1691657 2970833 1694921 4440489
-21.6783211278 -292.172276628 0.131300420423 1682723 2971557 1650834 4610611
-22.704491182 -269.680537444 0.401782269938 1674655 2971920 1559839 4571216
-23.7770802825 -248.147207607 0.188440314303 1664161 2970913 1440134 4481692
-24.9074211415 -227.455713914 0.170254804101 1649767 2965651 1778185 4361729
-25.8081174442 -212.56379733 0.146067682264 1640017 2960244 1965821 4680860
-26.6797503659 -199.432812835 0.45385803954 1629750 2951964 1897246 4857072
-27.6216194961 -186.416232606 0.589217046583 1617706 2940554 1813658 4780750
-28.5918410034 -174.180810282 0.427256434752 1604492 2932599 1735549 4688753
-29.5858841347 -162.899346171 0.482442648775 1596271 2931694 1837685 4609902
-30.5081461208 -153.674004021 0.614572230208 1588521 2930931 1930309 4706471
-31.4027590482 -145.823336876 0.407647177777 1578823 2933533 1691790 4799083
-32.4440083634 -137.895159131 0.470852623586 1566304 2933743 1503202 4571436
-33.5522755181 -130.745818666 0.796408453464 1548599 2931484 1562265 4384008
-34.5829771162 -125.102644029 0.707681011239 1537788 2931499 1692119 4437941
-35.5483962954 -120.577448831 0.0502178219296 1523577 2930254 1620602 4563005
-36.5823814293 -116.382866664 0.732701282786 1507993 2927767 1502890 4492560
-37.6740305198 -112.590799139 0.30682423726 1492603 2927783 1448401 4377654
-38.776190819 -109.333063986 0.770594851403 1471827 2924775 1503727 4321471
-39.8298221226 -106.68219352 0.504395419863 1452544 2924272 1549565 4373030
-40.8659721552 -104.440230428 0.893570344046 1435235 2925151 1432423 4418568
-41.987774524 -102.333610693 0.38605925463 1414418 2924576 1463779 4304091
-43.0634278732 -100.579781382 0.948131735288 1393951 2923457 1557872 4332217
-44.0853762712 -99.1152567221 0.645730165148 1376582 2925454 1419627 4426141
-45.2174535473 -97.6794081325 0.880479836266 1356884 2926866 1406061 4295151
-46.3297630431 -96.4359732653 0.674090382262 1335959 2927175 1466198 4282033
-47.3988726855 -95.3796147971 0.232046748031 1312478 2928896 1436103 4341339
-48.5011908236 -94.4118531196 0.685484721731 1294972 2929701 1579092 4315216
-49.5063004876 -93.6156843313 0.614596563715 1275756 2931274 1618191 4454760
-50.5185280629 -92.8862682199 0.895304283934 1253782 2930790 1639417 4494160
-51.526678198 -92.2243992957 0.173283565131 1232723 2930441 1752246 4514621
-52.4748678053 -91.6518053147 0.916067950567 1212603 2928719 1886775 4622028
-53.3741059384 -91.1503506446 0.698390019069 1194192 2926203 1834652 4749905
-54.326909133 -90.6575697849 0.371438835569 1169417 2924290 1812882 4698922
-55.2808383217 -90.2050068715 0.245955928924 1143225 2921550 1763942 4673718
-56.2560694475 -89.7796612278 0.0178051681762 1110903 2919329 1824630 4624277
-57.1882516857 -89.4080498244 0.177900322338 1076054 2919786 1834971 4682353
-58.1270271655 -89.0643178767 0.235978037777 1037041 2919771 1577952 4693842
-59.2140822002 -88.6980438852 0.902720792787 982060 2919422 1381188 4445290
-60.3766832482 -88.3376238952 0.741030939085 907818 2918071 1242879 4252123
-61.597443262 -87.9781287873 0.649084773462 805959 2914852 1453472 4114432
-62.6364587539 -87.6779909528 0.0343412352384 708133 2911392 1505953 4309616
-63.6860159198 -87.3541804312 0.182024480405 611165 2906814 1512728 4356229
-64.7416301432 -86.9938434299 0.169807914503 545343 2901596 1620669 4357943
-65.7311687783 -86.6461048991 0.170622126274 520703 2898048 1659675 4459115
-66.7198947296 -86.3208304754 0.133724118121 503904 2897613 1826644 4499336
-67.6245353059 -86.0504412951 0.924697261565 491730 2897933 1771998 4662043
-68.592935733 -85.7864252257 0.410984080386 479347 2894749 1700587 4609349
-69.5901444888 -85.5394006622 0.571242778899 464062 2891433 1629924 4535791
-70.6128111128 -85.309032591 0.905863298461 448648 2887962 1664425 4464623
-71.5999679946 -85.1119694547 0.0562918565994 435207 2885473 1745352 4495804
-72.5479377338 -84.9396195569 0.0661363099289 423262 2882192 2060886 4570664
-73.3506352753 -84.8046705893 0.545213928083 412445 2884189 2095432 4880149
-74.2005562824 -84.6716504501 0.961033641059 401175 2886831 2152144 4923259
-75.0330045729 -84.5494725092 0.529917442817 392408 2891695 2297369 4985064
-75.8139074553 -84.4414795236 0.778090851657 384697 2897402 2361117 5133195
-76.5965014985 -84.3368145574 0.0935919176474 376997 2906257 2641332 5209665
-77.2838495179 -84.2479317576 0.443654851169 370147 2914078 3065186 5492439
-77.8766958062 -84.1721105075 0.425160512045 364239 2921966 3300904 5918826
-78.4695326161 -84.0952220259 0.724958373289 358792 2930452 3888396 6169033
-78.9415369292 -84.0333777848 0.717503609699 354576 2936718 3853487 6753500
-79.5107797893 -83.9541086494 0.0496605185327 350155 2943458 4381220 6741271
-79.9516957254 -83.8898502608 0.792399401119 347445 2949347 4444737 7260903
-80.4510197434 -83.8121178152 0.49023736498 345657 2954420 3913751 7331193
-81.0852468986 -83.7102508723 0.255335772256 340469 2958565 2543112 6805807
-82.0699863694 -83.5544285219 0.471521494346 332021 2962745 1755996 5455558
-83.1995673012 -83.39295184 0.906971706128 323716 2965593 1630903 4677333
-84.2513628712 -83.258887708 0.543345358519 318306 2967555 1456329 4552370
-85.386070927 -83.1306612261 0.904844924713 310233 2969534 1734291 4382931
-86.3156402729 -83.0386254521 0.156515092021 304348 2973912 1748061 4652131
-87.2951476551 -82.9503106147 0.106226114418 300184 2980134 1506051 4678645
-88.4240066037 -82.8599709443 0.970350234687 296270 2989560 1811617 4455025
-89.3270922627 -82.7962136251 0.557705151895 294052 2997570 1650143 4751303
-90.3827429585 -82.7261858105 0.182726669888 293122 3005870 1430652 4606995
-91.5460802934 -82.6525914953 0.259482611948 292826 3010571 1918564 4394639
-92.3803679503 -82.6042562928 0.595327985066 292848 3011231 1989666 4858764
-93.2763936513 -82.5545526128 0.0448775761352 292941 3010771 2046831 4933879
-94.1597484709 -82.5061603934 0.673329851277 296502 3003587 2728699 4984221
-94.7723380375 -82.4728158544 0.206105701996 299050 2997440 2822447 5639428
-95.4717685996 -82.4317874098 0.432317971039 301305 2991917 3469329 5739172
-95.9856725398 -82.4007512551 0.0172801711143 303629 2990078 4271147 6372263
-96.3967280724 -82.3755637499 0.944545720137 304018 2992523 4665666 7166790
-96.8353875397 -82.3480626045 0.503045948744 304910 2995126 2896542 7567437
-97.7965205503 -82.2857495974 0.57890088657 301597 3002116 2302169 5850817
-98.7309634671 -82.2280459939 0.497062943092 299735 3007182 1136408 5256761
-100.242323005 -82.1390337817 0.772004888189 293500 3007291 795376 4116099
-101.85328268 -82.0530135899 0.225096547896 284355 3002824 930240 3775707
-103.23455485 -81.9901175156 0.823563040888 276222 2989781 1577868 3891114
-104.14080551 -81.9532125063 0.405055693958 270976 2977982 1542682 4508155
-105.210631303 -81.9120271736 0.807392260303 266382 2980190 1735792 4483837
-106.161341197 -81.8787084997 0.362066022561 262517 2982787 2253602 4667737
-106.897315256 -81.8541562923 0.944168239336 260046 2986925 2678377 5173306
-107.564237052 -81.832372329 0.748798169098 259508 2990017 2690371 5590542
-108.302134007 -81.8084391977 0.471003588397 258149 2990476 1861880 5607268
-109.401655831 -81.7720234614 0.350484470877 255292 2986366 1841199 4805202
-110.3622098 -81.740176329 0.591135630947 252269 2986199 1854975 4786328
-111.311727049 -81.7095869415 0.636869694763 249235 2980132 2604595 4804094
-111.9342139 -81.6908482191 0.988418921812 245972 2968893 2999496 5521624
-112.553468086 -81.6726420038 0.709775058693 243148 2950791 3179205 5898265
-113.179818276 -81.6547940878 0.0962279499755 239028 2926593 3570307 6061032
-113.718638671 -81.6400624313 0.902363246785 235733 2911929 3840354 6437225
-114.244404579 -81.626152701 0.690173001173 234322 2911091 4101933 6707166
-114.74534226 -81.6134645839 0.0976132908338 231808 2914406 4774957 6973028
-115.134320559 -81.603996755 0.847565176706 231459 2917120 4992136 7623517
-115.56663824 -81.5940293853 0.867048087389 230134 2921633 5267681 7870506
-115.977078915 -81.5847266971 0.659525371897 228170 2927001 5403381 8139431
-116.395306304 -81.5756830313 0.276457861734 226682 2932296 6001267 8295030
-116.728228312 -81.5688724904 0.190733449981 226423 2936408 6357217 8885204
-117.071555562 -81.5620315248 0.778348415185 226270 2940638 7081007 9269927
-117.349646773 -81.5567489061 0.665704048892 226583 2944043 8472949 9992644
-117.523474928 -81.5535525937 0.925194818245 226028 2945908 9458864 11315470
-117.71043931 -81.5501266089 0.659461684406 224955 2947395 8903984 12307336
-118.040389836 -81.5439430355 0.472629887687 224353 2949672 8059425 11784839
-118.42649765 -81.5368065432 0.594854384004 223352 2951996 8998811 10960468
-118.631579865 -81.533177169 0.298305617751 223624 2954343 9309843 11868450
-118.881397009 -81.5288558462 0.505049404152 223242 2955378 8972159 12197895
-119.194951016 -81.5233717062 0.630340763486 222989 2956849 8914752 11883982
-119.489148456 -81.5183551577 0.0361717705743 222509 2958785 8991845 11829228
-119.770233601 -81.5136005618 0.948223191725 222629 2960440 8853010 11936347
-120.07567482 -81.5084232146 0.329168346888 222110 2961126 8273876 11782679
-120.435526631 -81.5024082575 0.552440602124 221777 2963036 8979630 11205222
-120.664503178 -81.4986322201 0.0669534088274 221302 2964609 9075593 11912654
-120.94331237 -81.4940838736 0.05397349367 221104 2966352 9767164 12009956
-121.157163797 -81.4906775769 0.287270273627 221340 2968469 9414724 12703796
-121.46299986 -81.4856569625 0.103059514397 220676 2970721 9036407 12353703
-121.781995418 -81.4805683501 0.567776221779 220459 2973160 7697810 11977998
-122.229717096 -81.4733576256 0.125322849309 219662 2976136 0 0
